0.0 3.21727 2.81108 1.592445 0.826667 1.604428 1.843333 3.183618 3.350999 3.349666 3.348555 3.750427 3.750427 3.661982 3.312427 3.511094 3.456872 3.111316 3.067094 3.89584 3.958062 4.014 3.874666 3.958666 3.932 3.428444 3.317777 2.939778 3.354222 3.404 3.046666 3.417302 3.061302 2.695904 3.016571 3.016571 2.176031 2.176031 2.078872 2.117317 2.17865 2.017761 2.045539 2.546444 2.257555 2.218 2.270222 2.277555 1.806222 1.726444 1.168222 3.609714 3.647714 3.470603 3.423048 2.598793 2.591015 3.002444 2.558666 3.125333 3.162222 2.338445 3.294001 3.309112 1.684889 1.633333 2.892001 2.834223 3.324095 3.164381 2.748381 2.393524 2.095238 1.637809 1.253095 0.972381 0.726667 0.538 0.501333 3.32665 2.993507 2.759221 2.23065 2.596507 2.572237 2.302666 2.372889 2.650318 3.159888 3.521538 3.143094 3.251983 2.755094 3.676951 3.705333 3.138666 2.730222 3.175111 2.845333 3.212413 2.834635 2.473682 2.807015 1.956031 1.91865 1.82665 2.327555 1.989111 2.054222 1.492222 2.091778 1.525111 1.051111 0.978444 3.36927 3.156381 2.339682 2.712666 1.826476 1.204445 2.310222 1.540889 1.963111 2.903111 1.317556 1.645556 2.067112 3.120445 1.41 2.602223
3.21727 0.0 1.241302 2.027239 2.793017 2.263333 3.147158 2.590079 1.512032 1.510699 1.509588 2.003143 2.003143 1.914698 2.322031 2.917555 2.863333 2.517777 2.473555 3.302301 3.364523 4.10208 3.962746 4.046746 4.02008 3.516524 3.405857 3.324937 3.739381 3.789159 3.684888 0.62 1.019556 1.512 1.651429 1.651429 2.075556 2.075556 2.109333 2.147778 2.209111 2.676666 2.704444 2.560968 2.948967 2.909412 2.961634 3.159602 3.746491 3.666713 3.677206 1.330222 1.368222 1.191111 1.143556 1.625587 1.617809 1.614857 1.975967 2.542634 2.579523 2.465967 2.762412 2.777523 3.263968 3.212412 3.019523 2.961745 1.044603 0.884889 0.468889 0.823746 1.122032 1.579461 1.964175 2.244889 2.490603 2.72146 3.010317 0.541111 0.874254 1.10854 1.637111 2.002968 2.418254 2.687825 3.011111 3.28854 1.320921 1.774254 2.152698 2.658444 2.161555 3.083412 3.793413 3.226746 3.115381 3.56027 3.483555 0.415111 0.792889 1.289778 1.441873 1.855556 1.949111 2.485555 2.342079 2.680523 2.936269 2.892667 3.292222 3.46538 3.137714 3.487428 1.089778 0.876889 1.366476 1.325079 1.768128 2.415239 1.727523 2.316128 2.074634 2.320412 2.539461 2.468412 2.194634 2.588856 2.989079 2.729745
2.81108 1.241302 0.0 1.621049 2.295777 1.909318 3.556413 3.242491 2.35273 2.351397 2.350286 2.843841 2.843841 2.755396 3.162729 3.569967 3.515745 3.170189 3.125967 3.954713 4.016935 4.754492 4.615158 4.699158 4.672492 4.168936 4.058269 3.977349 4.391793 4.441571 4.3373 1.441334 1.085334 1.316508 1.637175 1.637175 1.711493 1.711493 2.383762 2.422207 2.48354 2.322651 2.350429 3.21338 3.25181 3.212255 3.264477 3.812014 3.519302 3.439524 3.271016 1.119333 1.157333 0.834889 0.787334 1.219397 1.211619 0.699556 1.060666 1.627333 1.664222 1.550666 1.847111 1.862222 2.348667 2.297111 2.104222 2.046444 1.243492 1.083778 0.772413 0.417556 0.715842 1.173271 1.557985 1.838699 2.084413 2.31527 2.604127 1.546001 1.792445 1.760952 2.289523 2.65538 3.070666 3.340237 3.663523 3.940952 2.161619 2.614952 2.993396 3.310856 2.813967 3.735824 4.445825 3.879158 3.767793 4.212682 4.135967 1.236445 0.858667 1.094286 1.427619 1.491493 2.22354 2.13154 2.994491 2.983366 3.588681 2.486477 3.804858 3.238191 2.731524 3.081238 0.878889 0.520667 0.960286 0.409778 1.361938 2.009049 0.812222 1.581555 1.159333 1.405111 1.804888 1.553111 1.279333 1.673555 2.073778 1.814444
1.592445 2.027239 1.621049 0.0 0.765778 1.183825 2.597714 2.763015 2.542095 2.540762 2.539651 3.033206 3.033206 2.944761 2.891824 3.090491 3.036269 2.690713 2.646491 3.475237 3.537459 4.275016 4.135682 4.219682 4.193016 3.68946 3.578793 3.497873 3.912317 3.962095 3.801047 2.227271 1.871271 1.505873 1.82654 1.82654 0.986 0.986 1.658269 1.696714 1.758047 1.597158 1.624936 2.582 2.293111 2.253556 2.305778 3.031936 2.560603 2.480825 2.312317 2.419683 2.457683 2.280572 2.233017 1.408762 1.400984 1.750444 1.306666 1.873333 1.910222 1.360888 2.093111 2.108222 1.624 1.572444 1.914444 1.856666 2.134064 1.97435 1.55835 1.203493 0.905207 0.447778 0.832492 0.88 1.125714 1.356571 1.645428 2.331938 2.184603 1.950317 1.810047 2.175904 2.59119 2.860761 3.12727 3.404699 2.350984 2.804317 2.722491 2.83138 2.334491 3.256348 3.966349 3.399682 3.288317 3.733206 3.599714 2.022382 1.644604 1.283651 1.616984 0.766 1.498047 1.406047 2.363111 2.024667 2.808603 1.527778 2.846159 2.279492 1.772825 2.122539 2.179239 1.96635 1.149651 1.460666 0.259111 0.388 1.058222 0.288889 0.711111 1.651111 0.512222 0.840222 1.089555 1.919555 1.349111 1.624666
0.826667 2.793017 2.295777 0.765778 0.0 1.365555 2.249778 2.944745 3.112126 3.110793 3.109682 3.511554 3.511554 3.423109 3.073554 3.272221 3.217999 2.872443 2.828221 3.656967 3.719189 4.420445 4.281111 4.365111 4.338445 3.834889 3.724222 3.346223 3.760667 3.810445 3.453111 2.993049 2.637049 2.271651 2.592318 2.592318 1.751778 1.751778 1.839999 1.878444 1.939777 1.778888 1.806666 2.571778 2.282889 2.243334 2.295556 2.684 2.212667 2.132889 1.964381 3.185461 3.223461 3.04635 2.998795 2.17454 2.166762 2.175777 1.731999 2.298666 2.335555 1.511778 2.467334 2.482445 0.858222 0.806666 2.065334 2.007556 2.899842 2.740128 2.324128 1.969271 1.670985 1.213556 1.014222 0.869778 0.777778 1.008635 1.297492 3.087777 2.754634 2.520348 1.991777 2.357634 2.77292 2.709111 2.779334 3.056763 2.921015 3.282665 2.904221 3.01311 2.516221 3.438078 4.111778 3.545111 3.136667 3.581556 3.251778 2.78816 2.410382 2.049429 2.382762 1.531778 1.679777 1.587777 2.352889 2.014445 2.460667 1.517556 2.498223 1.931556 1.424889 1.774603 2.945017 2.732128 1.915429 1.885999 1.024889 0.377778 1.483555 0.714222 1.136444 2.076444 0.490889 0.818889 1.240445 2.293778 0.583333 1.775556
1.604428 2.263333 1.909318 1.183825 1.365555 0.0 2.120666 1.57919 1.746571 1.745238 1.744127 2.145999 2.145999 2.057554 1.707999 1.906666 1.852444 1.506888 1.462666 2.291412 2.353634 3.091191 2.951857 3.035857 3.009191 2.505635 2.394968 2.314048 2.728492 2.77827 2.673999 2.149968 2.15954 1.794142 1.697682 1.697682 1.274269 1.274269 0.474444 0.512889 0.574222 0.413333 0.441111 1.550079 1.619999 1.580444 1.632666 2.148713 2.083555 2.003777 1.863333 2.707952 2.745952 2.568841 2.521286 1.697031 1.689253 2.282873 2.490491 3.057158 3.094047 2.544713 3.276936 3.292047 2.223777 2.172221 3.098269 3.040491 2.422333 2.262619 1.846619 1.491762 1.193476 0.736047 0.351333 0.632047 0.877761 1.108618 1.397475 1.722222 1.389079 1.154793 0.626222 0.992079 1.407365 1.676936 2.000222 2.277651 1.55546 1.91711 1.538666 1.647555 1.150666 2.072523 2.782524 2.215857 2.104492 2.549381 2.472666 1.945079 1.932873 1.57192 1.488126 1.054269 0.314222 0.222222 1.33119 1.351555 1.92538 0.854666 2.281333 1.802444 1.295777 1.673555 2.467508 2.254619 1.43792 1.993095 0.924714 0.987777 2.242047 1.472714 1.894936 2.834936 1.696047 2.024047 2.27338 3.10338 1.948888 2.808491
1.843333 3.147158 3.556413 2.597714 2.249778 2.120666 0.0 1.731301 2.630396 2.629063 2.627952 3.029824 3.029824 2.941379 2.591824 2.790491 2.736269 2.390713 2.346491 2.443523 2.505745 2.170667 2.031333 2.115333 2.088667 1.585111 1.474444 1.096445 1.510889 1.560667 1.456396 3.033793 3.42884 2.927506 2.581507 2.581507 2.921364 2.921364 1.982269 2.020714 2.082047 2.089555 2.117333 1.70219 2.031333 1.991778 2.044 0.434222 0.599333 0.519555 1.054667 4.355047 4.393047 4.215936 4.168381 3.344126 3.336348 3.929968 3.90438 4.471047 4.507936 3.761556 4.690825 4.705936 3.108 3.056444 4.315112 4.257334 4.069428 3.909714 3.493714 3.138857 2.840571 2.383142 1.998428 1.717714 1.472 1.338 1.342 2.606047 2.272904 2.038618 1.510047 1.14419 0.728904 0.459333 0.782619 1.060048 2.439285 2.800935 2.422491 2.53138 2.034491 2.224634 1.862 1.295333 0.886889 1.331778 1.255063 2.828904 3.202173 2.705284 2.371951 2.701364 1.822047 1.898444 1.483301 1.762889 0.210889 1.266 0.884889 0.318222 0.824889 0.864889 4.114603 3.901714 3.085015 3.64019 2.571809 2.209714 3.655936 2.886603 3.308825 4.248825 2.740667 3.068667 3.490223 4.517269 2.833111 4.025334
3.183618 2.590079 3.242491 2.763015 2.944745 1.57919 1.731301 0.0 2.064444 2.063111 2.062 1.648889 1.648889 1.560444 1.210889 1.18 1.125778 1.009778 0.965556 0.712222 0.774444 1.512001 1.372667 1.456667 1.430001 0.926445 0.815778 1.254667 1.274 1.323778 1.696889 2.476714 2.871761 2.370427 2.024428 2.024428 2.853459 2.853459 1.42519 1.463635 1.524968 1.992523 2.020301 1.145111 1.53311 1.493555 1.545777 1.743745 2.330634 2.250856 2.770222 3.83938 3.87738 3.700269 3.652714 3.030204 3.022426 3.616046 3.977156 4.543823 4.580712 4.123903 4.763601 4.778712 3.802967 3.751411 4.677459 4.619681 3.553761 3.394047 2.978047 2.824935 2.526649 2.315237 1.930523 2.211237 2.456951 2.687808 2.976665 2.048968 1.715825 1.481539 0.952968 0.587111 1.002397 1.271968 1.595254 1.872683 1.873333 1.42 1.041556 0.920889 0.653556 0.493333 1.203334 0.636667 1.045111 1.094889 1.495556 2.271825 2.645094 2.148205 1.814872 2.633459 1.264968 1.801412 0.926222 1.264666 1.520412 1.761555 1.876365 2.049523 2.202666 2.580444 3.598936 3.386047 2.771093 3.326268 2.503904 2.566967 3.728712 3.051904 3.474126 4.321601 3.275237 3.603237 3.85257 4.590045 3.528078 4.387681
3.350999 1.512032 2.35273 2.542095 3.112126 1.746571 2.630396 2.064444 0.0 0.380889 0.379778 0.873333 0.873333 0.784888 1.192221 1.896666 1.842444 1.76711 1.722888 2.284 2.346222 3.139111 2.999777 3.083777 3.057111 2.990889 2.880222 2.808175 3.222619 3.272397 3.168126 1.398667 1.798223 1.480666 1.134667 1.134667 2.044222 2.044222 1.592571 1.631016 1.692349 2.159904 2.187682 2.044206 2.432205 2.39265 2.444872 2.64284 3.229729 3.149951 3.609904 2.761333 2.799333 2.622222 2.574667 2.140443 2.132665 2.726285 3.087395 3.654062 3.690951 3.577395 3.87384 3.888951 3.970348 3.918792 4.130951 4.073173 2.475714 2.316 1.9 1.935174 1.636888 2.094317 2.097904 2.378618 2.624332 2.855189 3.144046 0.970921 0.637778 0.591778 1.120349 1.486206 1.901492 2.171063 2.494349 2.771778 0.191111 0.644444 1.022888 1.637555 1.410888 2.065111 2.830444 2.701111 2.598619 3.043508 2.966793 1.193778 1.571556 1.258444 0.925111 1.824222 1.432349 1.968793 1.825317 2.163761 2.419507 2.601237 2.77546 2.948618 3.042348 3.420126 2.520889 2.308 1.881332 2.436507 2.282984 2.734348 2.838951 2.830984 3.186062 3.43184 3.054317 3.382317 3.306062 3.700284 3.695459 3.841173
3.349666 1.510699 2.351397 2.540762 3.110793 1.745238 2.629063 2.063111 0.380889 0.0 0.378445 0.872 0.872 0.783555 1.190888 1.895333 1.841111 1.765777 1.721555 2.282667 2.344889 3.137778 2.998444 3.082444 3.055778 2.989556 2.878889 2.806842 3.221286 3.271064 3.166793 1.397334 1.79689 1.479333 1.133334 1.133334 2.042889 2.042889 1.591238 1.629683 1.691016 2.158571 2.186349 2.042873 2.430872 2.391317 2.443539 2.641507 3.228396 3.148618 3.608571 2.76 2.798 2.620889 2.573334 2.13911 2.131332 2.724952 3.086062 3.652729 3.689618 3.576062 3.872507 3.887618 3.969015 3.917459 4.129618 4.07184 2.474381 2.314667 1.898667 1.933841 1.635555 2.092984 2.096571 2.377285 2.622999 2.853856 3.142713 0.969588 0.636445 0.590445 1.119016 1.484873 1.900159 2.16973 2.493016 2.770445 0.189778 0.643111 1.021555 1.636222 1.409555 2.063778 2.829111 2.699778 2.597286 3.042175 2.96546 1.192445 1.570223 1.257111 0.923778 1.822889 1.431016 1.96746 1.823984 2.162428 2.418174 2.599904 2.774127 2.947285 3.041015 3.418793 2.519556 2.306667 1.879999 2.435174 2.281651 2.733015 2.837618 2.829651 3.184729 3.430507 3.052984 3.380984 3.304729 3.698951 3.694126 3.83984
3.348555 1.509588 2.350286 2.539651 3.109682 1.744127 2.627952 2.062 0.379778 0.378445 0.0 0.870889 0.870889 0.782444 1.189777 1.894222 1.84 1.764666 1.720444 2.281556 2.343778 3.136667 2.997333 3.081333 3.054667 2.988445 2.877778 2.805731 3.220175 3.269953 3.165682 1.396223 1.795779 1.478222 1.132223 1.132223 2.041778 2.041778 1.590127 1.628572 1.689905 2.15746 2.185238 2.041762 2.429761 2.390206 2.442428 2.640396 3.227285 3.147507 3.60746 2.758889 2.796889 2.619778 2.572223 2.137999 2.130221 2.723841 3.084951 3.651618 3.688507 3.574951 3.871396 3.886507 3.967904 3.916348 4.128507 4.070729 2.47327 2.313556 1.897556 1.93273 1.634444 2.091873 2.09546 2.376174 2.621888 2.852745 3.141602 0.968477 0.635334 0.589334 1.117905 1.483762 1.899048 2.168619 2.491905 2.769334 0.188667 0.642 1.020444 1.635111 1.408444 2.062667 2.828 2.698667 2.596175 3.041064 2.964349 1.191334 1.569112 1.256 0.922667 1.821778 1.429905 1.966349 1.822873 2.161317 2.417063 2.598793 2.773016 2.946174 3.039904 3.417682 2.518445 2.305556 1.878888 2.434063 2.28054 2.731904 2.836507 2.82854 3.183618 3.429396 3.051873 3.379873 3.303618 3.69784 3.693015 3.838729
3.750427 2.003143 2.843841 3.033206 3.511554 2.145999 3.029824 1.648889 0.873333 0.872 0.870889 0.0 0.457778 0.369333 0.776666 1.481111 1.426889 1.351555 1.307333 1.868445 1.930667 2.723556 2.584222 2.668222 2.641556 2.575334 2.464667 2.903556 2.922889 2.972667 3.345778 1.889778 2.289334 1.971777 1.625778 1.625778 2.535333 2.535333 1.991999 2.030444 2.091777 2.559332 2.58711 2.443634 2.831633 2.792078 2.8443 3.042268 3.629157 3.549379 4.009332 3.252444 3.290444 3.113333 3.065778 2.631554 2.623776 3.217396 3.578506 4.145173 4.182062 4.068506 4.364951 4.380062 4.369776 4.31822 4.622062 4.564284 2.966825 2.807111 2.391111 2.426285 2.127999 2.585428 2.497332 2.778046 3.02376 3.254617 3.543474 1.462032 1.128889 1.082889 1.519777 1.885634 2.30092 2.570491 2.893777 3.171206 0.682222 0.228889 0.607333 1.222 0.995333 1.649556 2.414889 2.285556 2.694 2.743778 3.144445 1.684889 2.062667 1.749555 1.416222 2.315333 1.831777 2.368221 2.224745 2.563189 2.818935 3.000665 3.174888 3.348046 3.441776 3.819554 3.012 2.799111 2.372443 2.927618 2.774095 3.133776 3.330062 3.322095 3.677173 3.922951 3.545428 3.873428 3.797173 4.191395 4.094887 4.332284
3.750427 2.003143 2.843841 3.033206 3.511554 2.145999 3.029824 1.648889 0.873333 0.872 0.870889 0.457778 0.0 0.369333 0.776666 1.481111 1.426889 1.351555 1.307333 1.868445 1.930667 2.723556 2.584222 2.668222 2.641556 2.575334 2.464667 2.903556 2.922889 2.972667 3.345778 1.889778 2.289334 1.971777 1.625778 1.625778 2.535333 2.535333 1.991999 2.030444 2.091777 2.559332 2.58711 2.443634 2.831633 2.792078 2.8443 3.042268 3.629157 3.549379 4.009332 3.252444 3.290444 3.113333 3.065778 2.631554 2.623776 3.217396 3.578506 4.145173 4.182062 4.068506 4.364951 4.380062 4.369776 4.31822 4.622062 4.564284 2.966825 2.807111 2.391111 2.426285 2.127999 2.585428 2.497332 2.778046 3.02376 3.254617 3.543474 1.462032 1.128889 1.082889 1.519777 1.885634 2.30092 2.570491 2.893777 3.171206 0.682222 0.228889 0.607333 1.222 0.995333 1.649556 2.414889 2.285556 2.694 2.743778 3.144445 1.684889 2.062667 1.749555 1.416222 2.315333 1.831777 2.368221 2.224745 2.563189 2.818935 3.000665 3.174888 3.348046 3.441776 3.819554 3.012 2.799111 2.372443 2.927618 2.774095 3.133776 3.330062 3.322095 3.677173 3.922951 3.545428 3.873428 3.797173 4.191395 4.094887 4.332284
3.661982 1.914698 2.755396 2.944761 3.423109 2.057554 2.941379 1.560444 0.784888 0.783555 0.782444 0.369333 0.369333 0.0 0.688221 1.392666 1.338444 1.26311 1.218888 1.78 1.842222 2.635111 2.495777 2.579777 2.553111 2.486889 2.376222 2.815111 2.834444 2.884222 3.257333 1.801333 2.200889 1.883332 1.537333 1.537333 2.446888 2.446888 1.903554 1.941999 2.003332 2.470887 2.498665 2.355189 2.743188 2.703633 2.755855 2.953823 3.540712 3.460934 3.920887 3.163999 3.201999 3.024888 2.977333 2.543109 2.535331 3.128951 3.490061 4.056728 4.093617 3.980061 4.276506 4.291617 4.281331 4.229775 4.533617 4.475839 2.87838 2.718666 2.302666 2.33784 2.039554 2.496983 2.408887 2.689601 2.935315 3.166172 3.455029 1.373587 1.040444 0.994444 1.431332 1.797189 2.212475 2.482046 2.805332 3.082761 0.593777 0.140444 0.518888 1.133555 0.906888 1.561111 2.326444 2.197111 2.605555 2.655333 3.056 1.596444 1.974222 1.66111 1.327777 2.226888 1.743332 2.279776 2.1363 2.474744 2.73049 2.91222 3.086443 3.259601 3.353331 3.731109 2.923555 2.710666 2.283998 2.839173 2.68565 3.045331 3.241617 3.23365 3.588728 3.834506 3.456983 3.784983 3.708728 4.10295 4.006442 4.243839
3.312427 2.322031 3.162729 2.891824 3.073554 1.707999 2.591824 1.210889 1.192221 1.190888 1.189777 0.776666 0.776666 0.688221 0.0 1.043111 0.988889 0.913555 0.869333 1.430445 1.492667 2.285556 2.146222 2.230222 2.203556 2.137334 2.026667 2.465556 2.484889 2.534667 2.907778 2.208666 2.608222 2.290665 1.944666 1.944666 2.854221 2.854221 1.553999 1.592444 1.653777 2.121332 2.14911 2.005634 2.393633 2.354078 2.4063 2.604268 3.191157 3.111379 3.571332 3.571332 3.609332 3.432221 3.384666 2.950442 2.942664 3.536284 3.897394 4.464061 4.50095 4.252712 4.683839 4.69895 3.931776 3.88022 4.806268 4.74849 3.285713 3.125999 2.709999 2.745173 2.446887 2.444046 2.059332 2.340046 2.58576 2.816617 3.105474 1.78092 1.447777 1.401777 1.081777 1.447634 1.86292 2.132491 2.455777 2.733206 1.00111 0.547777 0.169333 0.784 0.557333 1.211556 1.976889 1.847556 2.256 2.305778 2.706445 2.003777 2.381555 2.068443 1.73511 2.634221 1.393777 1.930221 1.786745 2.125189 2.380935 2.562665 2.736888 2.910046 3.003776 3.381554 3.330888 3.117999 2.691331 3.246506 2.632713 2.695776 3.64895 3.180713 3.602935 4.241839 3.404046 3.732046 3.981379 4.510283 3.656887 4.51649
3.511094 2.917555 3.569967 3.090491 3.272221 1.906666 2.790491 1.18 1.896666 1.895333 1.894222 1.481111 1.481111 1.392666 1.043111 0.0 0.464 1.112222 1.068 0.905556 0.967778 1.760667 1.621333 1.705333 1.678667 2.106445 1.995778 2.434667 2.454 2.503778 2.876889 2.80419 3.199237 2.697903 2.351904 2.351904 3.180935 3.180935 1.752666 1.791111 1.852444 2.319999 2.347777 2.204301 2.5923 2.552745 2.604967 2.802935 3.389824 3.310046 3.769999 4.166856 4.204856 4.027745 3.98019 3.35768 3.349902 3.943522 4.304632 4.871299 4.908188 4.451379 5.091077 5.106188 4.130443 4.078887 5.004935 4.947157 3.881237 3.721523 3.305523 3.152411 2.854125 2.642713 2.257999 2.538713 2.784427 3.015284 3.304141 2.376444 2.043301 1.809015 1.280444 1.646301 2.061587 2.331158 2.654444 2.931873 1.705555 1.252222 0.873778 0.259111 0.756 0.686667 1.452 1.816667 2.225111 2.274889 2.675556 2.599301 2.97257 2.475681 2.142348 2.960935 1.592444 2.128888 1.985412 2.323856 2.579602 2.761332 2.935555 3.108713 3.202443 3.580221 3.926412 3.713523 3.098569 3.653744 2.83138 2.894443 4.056188 3.37938 3.801602 4.649077 3.602713 3.930713 4.180046 4.917521 3.855554 4.715157
3.456872 2.863333 3.515745 3.036269 3.217999 1.852444 2.736269 1.125778 1.842444 1.841111 1.84 1.426889 1.426889 1.338444 0.988889 0.464 0.0 1.058 1.013778 0.851334 0.913556 1.706445 1.567111 1.651111 1.624445 2.052223 1.941556 2.380445 2.399778 2.449556 2.822667 2.749968 3.145015 2.643681 2.297682 2.297682 3.126713 3.126713 1.698444 1.736889 1.798222 2.265777 2.293555 2.150079 2.538078 2.498523 2.550745 2.748713 3.335602 3.255824 3.715777 4.112634 4.150634 3.973523 3.925968 3.303458 3.29568 3.8893 4.25041 4.817077 4.853966 4.397157 5.036855 5.051966 4.076221 4.024665 4.950713 4.892935 3.827015 3.667301 3.251301 3.098189 2.799903 2.588491 2.203777 2.484491 2.730205 2.961062 3.249919 2.322222 1.989079 1.754793 1.226222 1.592079 2.007365 2.276936 2.600222 2.877651 1.651333 1.198 0.819556 0.204889 0.701778 0.632445 1.397778 1.762445 2.170889 2.220667 2.621334 2.545079 2.918348 2.421459 2.088126 2.906713 1.538222 2.074666 1.93119 2.269634 2.52538 2.70711 2.881333 3.054491 3.148221 3.525999 3.87219 3.659301 3.044347 3.599522 2.777158 2.840221 4.001966 3.325158 3.74738 4.594855 3.548491 3.876491 4.125824 4.863299 3.801332 4.660935
3.111316 2.517777 3.170189 2.690713 2.872443 1.506888 2.390713 1.009778 1.76711 1.765777 1.764666 1.351555 1.351555 1.26311 0.913555 1.112222 1.058 0.0 0.668222 1.499556 1.561778 2.354667 2.215333 2.299333 2.272667 1.936223 1.825556 2.264445 2.283778 2.333556 2.706667 2.404412 2.799459 2.298125 1.952126 1.952126 2.781157 2.781157 1.352888 1.391333 1.452666 1.920221 1.947999 1.804523 2.192522 2.152967 2.205189 2.403157 2.990046 2.910268 3.370221 3.767078 3.805078 3.627967 3.580412 2.957902 2.950124 3.543744 3.904854 4.471521 4.50841 4.051601 4.691299 4.70641 3.730665 3.679109 4.605157 4.547379 3.481459 3.321745 2.905745 2.752633 2.454347 2.242935 1.858221 2.138935 2.384649 2.615506 2.904363 1.976666 1.643523 1.409237 0.880666 1.246523 1.661809 1.93138 2.254666 2.532095 1.575999 1.122666 0.744222 0.853111 0.356222 1.280667 2.046 1.646445 2.054889 2.104667 2.505334 2.199523 2.572792 2.075903 1.74257 2.561157 1.192666 1.72911 1.585634 1.924078 2.179824 2.361554 2.535777 2.708935 2.802665 3.180443 3.526634 3.313745 2.698791 3.253966 2.431602 2.494665 3.65641 2.979602 3.401824 4.249299 3.202935 3.530935 3.780268 4.517743 3.455776 4.315379
3.067094 2.473555 3.125967 2.646491 2.828221 1.462666 2.346491 0.965556 1.722888 1.721555 1.720444 1.307333 1.307333 1.218888 0.869333 1.068 1.013778 0.668222 0.0 1.455334 1.517556 2.310445 2.171111 2.255111 2.228445 1.892001 1.781334 2.220223 2.239556 2.289334 2.662445 2.36019 2.755237 2.253903 1.907904 1.907904 2.736935 2.736935 1.308666 1.347111 1.408444 1.875999 1.903777 1.760301 2.1483 2.108745 2.160967 2.358935 2.945824 2.866046 3.325999 3.722856 3.760856 3.583745 3.53619 2.91368 2.905902 3.499522 3.860632 4.427299 4.464188 4.007379 4.647077 4.662188 3.686443 3.634887 4.560935 4.503157 3.437237 3.277523 2.861523 2.708411 2.410125 2.198713 1.813999 2.094713 2.340427 2.571284 2.860141 1.932444 1.599301 1.365015 0.836444 1.202301 1.617587 1.887158 2.210444 2.487873 1.531777 1.078444 0.7 0.808889 0.312 1.236445 2.001778 1.602223 2.010667 2.060445 2.461112 2.155301 2.52857 2.031681 1.698348 2.516935 1.148444 1.684888 1.541412 1.879856 2.135602 2.317332 2.491555 2.664713 2.758443 3.136221 3.482412 3.269523 2.654569 3.209744 2.38738 2.450443 3.612188 2.93538 3.357602 4.205077 3.158713 3.486713 3.736046 4.473521 3.411554 4.271157
3.89584 3.302301 3.954713 3.475237 3.656967 2.291412 2.443523 0.712222 2.284 2.282667 2.281556 1.868445 1.868445 1.78 1.430445 0.905556 0.851334 1.499556 1.455334 0.0 0.5 1.292889 1.153555 1.237555 1.210889 1.638667 1.528 1.966889 1.986222 2.036 2.409111 3.188936 3.583983 3.082649 2.73665 2.73665 3.565681 3.565681 2.137412 2.175857 2.23719 2.704745 2.732523 1.857333 2.245332 2.205777 2.257999 2.455967 3.042856 2.963078 3.482444 4.551602 4.589602 4.412491 4.364936 3.742426 3.734648 4.328268 4.689378 5.256045 5.292934 4.836125 5.475823 5.490934 4.515189 4.463633 5.389681 5.331903 4.265983 4.106269 3.690269 3.537157 3.238871 3.027459 2.642745 2.923459 3.169173 3.40003 3.688887 2.76119 2.428047 2.193761 1.66519 1.299333 1.714619 1.98419 2.307476 2.584905 2.092889 1.639556 1.261112 0.646445 1.143334 0.218889 0.984222 1.348889 1.757333 1.807111 2.207778 2.984047 3.357316 2.860427 2.527094 3.345681 1.97719 2.513634 1.638444 1.976888 2.232634 2.473777 2.588587 2.761745 2.914888 3.292666 4.311158 4.098269 3.483315 4.03849 3.216126 3.279189 4.440934 3.764126 4.186348 5.033823 3.987459 4.315459 4.564792 5.302267 4.2403 5.099903
3.958062 3.364523 4.016935 3.537459 3.719189 2.353634 2.505745 0.774444 2.346222 2.344889 2.343778 1.930667 1.930667 1.842222 1.492667 0.967778 0.913556 1.561778 1.517556 0.5 0.0 1.355111 1.215777 1.299777 1.273111 1.700889 1.590222 2.029111 2.048444 2.098222 2.471333 3.251158 3.646205 3.144871 2.798872 2.798872 3.627903 3.627903 2.199634 2.238079 2.299412 2.766967 2.794745 1.919555 2.307554 2.267999 2.320221 2.518189 3.105078 3.0253 3.544666 4.613824 4.651824 4.474713 4.427158 3.804648 3.79687 4.39049 4.7516 5.318267 5.355156 4.898347 5.538045 5.553156 4.577411 4.525855 5.451903 5.394125 4.328205 4.168491 3.752491 3.599379 3.301093 3.089681 2.704967 2.985681 3.231395 3.462252 3.751109 2.823412 2.490269 2.255983 1.727412 1.361555 1.776841 2.046412 2.369698 2.647127 2.155111 1.701778 1.323334 0.708667 1.205556 0.281111 1.046444 1.411111 1.819555 1.869333 2.27 3.046269 3.419538 2.922649 2.589316 3.407903 2.039412 2.575856 1.700666 2.03911 2.294856 2.535999 2.650809 2.823967 2.97711 3.354888 4.37338 4.160491 3.545537 4.100712 3.278348 3.341411 4.503156 3.826348 4.24857 5.096045 4.049681 4.377681 4.627014 5.364489 4.302522 5.162125
4.014 4.10208 4.754492 4.275016 4.420445 3.091191 2.170667 1.512001 3.139111 3.137778 3.136667 2.723556 2.723556 2.635111 2.285556 1.760667 1.706445 2.354667 2.310445 1.292889 1.355111 0.0 0.478 0.562 0.535334 1.165112 1.054445 1.493334 1.512667 1.562445 1.935556 3.988715 4.383762 3.882428 3.536429 3.536429 4.36546 4.36546 2.937191 2.975636 3.036969 3.504524 3.532302 2.657112 3.045111 3.005556 3.057778 2.183111 2.77 2.690222 3.225334 5.351381 5.389381 5.21227 5.164715 4.542205 4.534427 5.128047 5.489157 6.055824 6.092713 5.635904 6.275602 6.290713 5.278667 5.227111 6.18946 6.131682 5.065762 4.906048 4.490048 4.336936 4.03865 3.827238 3.442524 3.723238 3.642667 3.508667 3.512667 3.560969 3.227826 2.99354 2.464969 2.099112 1.980905 1.711334 2.03462 2.192445 2.948 2.494667 2.116223 1.501556 1.998445 1.074 0.308667 0.875334 1.283778 1.333556 1.734223 3.783826 4.157095 3.660206 3.326873 4.14546 2.776969 3.313413 2.438223 2.776667 1.959778 3.273556 2.315731 2.488889 2.995556 3.035556 5.110937 4.898048 4.283094 4.838269 4.015905 4.078968 5.240713 4.563905 4.986127 5.833602 4.787238 5.115238 5.364571 6.102046 5.003778 5.899682
3.874666 3.962746 4.615158 4.135682 4.281111 2.951857 2.031333 1.372667 2.999777 2.998444 2.997333 2.584222 2.584222 2.495777 2.146222 1.621333 1.567111 2.215333 2.171111 1.153555 1.215777 0.478 0.0 0.422666 0.396 1.025778 0.915111 1.354 1.373333 1.423111 1.796222 3.849381 4.244428 3.743094 3.397095 3.397095 4.226126 4.226126 2.797857 2.836302 2.897635 3.36519 3.392968 2.517778 2.905777 2.866222 2.918444 2.043777 2.630666 2.550888 3.086 5.212047 5.250047 5.072936 5.025381 4.402871 4.395093 4.988713 5.349823 5.91649 5.953379 5.49657 6.136268 6.151379 5.139333 5.087777 6.050126 5.992348 4.926428 4.766714 4.350714 4.197602 3.899316 3.687904 3.30319 3.583904 3.503333 3.369333 3.373333 3.421635 3.088492 2.854206 2.325635 1.959778 1.841571 1.572 1.895286 2.053111 2.808666 2.355333 1.976889 1.362222 1.859111 0.934666 0.169333 0.736 1.144444 1.194222 1.594889 3.644492 4.017761 3.520872 3.187539 4.006126 2.637635 3.174079 2.298889 2.637333 1.820444 3.134222 2.176397 2.349555 2.856222 2.896222 4.971603 4.758714 4.14376 4.698935 3.876571 3.939634 5.101379 4.424571 4.846793 5.694268 4.647904 4.975904 5.225237 5.962712 4.864444 5.760348
3.958666 4.046746 4.699158 4.219682 4.365111 3.035857 2.115333 1.456667 3.083777 3.082444 3.081333 2.668222 2.668222 2.579777 2.230222 1.705333 1.651111 2.299333 2.255111 1.237555 1.299777 0.562 0.422666 0.0 0.48 1.109778 0.999111 1.438 1.457333 1.507111 1.880222 3.933381 4.328428 3.827094 3.481095 3.481095 4.310126 4.310126 2.881857 2.920302 2.981635 3.44919 3.476968 2.601778 2.989777 2.950222 3.002444 2.127777 2.714666 2.634888 3.17 5.296047 5.334047 5.156936 5.109381 4.486871 4.479093 5.072713 5.433823 6.00049 6.037379 5.58057 6.220268 6.235379 5.223333 5.171777 6.134126 6.076348 5.010428 4.850714 4.434714 4.281602 3.983316 3.771904 3.38719 3.667904 3.587333 3.453333 3.457333 3.505635 3.172492 2.938206 2.409635 2.043778 1.925571 1.656 1.979286 2.137111 2.892666 2.439333 2.060889 1.446222 1.943111 1.018666 0.253333 0.82 1.228444 1.278222 1.678889 3.728492 4.101761 3.604872 3.271539 4.090126 2.721635 3.258079 2.382889 2.721333 1.904444 3.218222 2.260397 2.433555 2.940222 2.980222 5.055603 4.842714 4.22776 4.782935 3.960571 4.023634 5.185379 4.508571 4.930793 5.778268 4.731904 5.059904 5.309237 6.046712 4.948444 5.844348
3.932 4.02008 4.672492 4.193016 4.338445 3.009191 2.088667 1.430001 3.057111 3.055778 3.054667 2.641556 2.641556 2.553111 2.203556 1.678667 1.624445 2.272667 2.228445 1.210889 1.273111 0.535334 0.396 0.48 0.0 1.083112 0.972445 1.411334 1.430667 1.480445 1.853556 3.906715 4.301762 3.800428 3.454429 3.454429 4.28346 4.28346 2.855191 2.893636 2.954969 3.422524 3.450302 2.575112 2.963111 2.923556 2.975778 2.101111 2.688 2.608222 3.143334 5.269381 5.307381 5.13027 5.082715 4.460205 4.452427 5.046047 5.407157 5.973824 6.010713 5.553904 6.193602 6.208713 5.196667 5.145111 6.10746 6.049682 4.983762 4.824048 4.408048 4.254936 3.95665 3.745238 3.360524 3.641238 3.560667 3.426667 3.430667 3.478969 3.145826 2.91154 2.382969 2.017112 1.898905 1.629334 1.95262 2.110445 2.866 2.412667 2.034223 1.419556 1.916445 0.992 0.226667 0.793334 1.201778 1.251556 1.652223 3.701826 4.075095 3.578206 3.244873 4.06346 2.694969 3.231413 2.356223 2.694667 1.877778 3.191556 2.233731 2.406889 2.913556 2.953556 5.028937 4.816048 4.201094 4.756269 3.933905 3.996968 5.158713 4.481905 4.904127 5.751602 4.705238 5.033238 5.282571 6.020046 4.921778 5.817682
3.428444 3.516524 4.168936 3.68946 3.834889 2.505635 1.585111 0.926445 2.990889 2.989556 2.988445 2.575334 2.575334 2.486889 2.137334 2.106445 2.052223 1.936223 1.892001 1.638667 1.700889 1.165112 1.025778 1.109778 1.083112 0.0 0.468889 0.907778 0.927111 0.976889 1.35 3.403159 3.798206 3.296872 2.950873 2.950873 3.779904 3.779904 2.351635 2.39008 2.451413 2.918968 2.946746 2.071556 2.459555 2.42 2.472222 1.597555 2.184444 2.104666 2.639778 4.765825 4.803825 4.626714 4.579159 3.956649 3.948871 4.542491 4.903601 5.470268 5.507157 5.050348 5.690046 5.705157 4.693111 4.641555 5.603904 5.546126 4.480206 4.320492 3.904492 3.75138 3.453094 3.241682 2.856968 3.137682 3.057111 2.923111 2.927111 2.975413 2.64227 2.407984 1.879413 1.513556 1.395349 1.125778 1.449064 1.606889 2.799778 2.346445 1.968001 1.847334 1.580001 1.419778 0.856445 0.289778 0.698222 0.748 1.148667 3.19827 3.571539 3.07465 2.741317 3.559904 2.191413 2.727857 1.852667 2.191111 1.374222 2.688 1.730175 1.903333 2.41 2.45 4.525381 4.312492 3.697538 4.252713 3.430349 3.493412 4.655157 3.978349 4.400571 5.248046 4.201682 4.529682 4.779015 5.51649 4.418222 5.314126
3.317777 3.405857 4.058269 3.578793 3.724222 2.394968 1.474444 0.815778 2.880222 2.878889 2.877778 2.464667 2.464667 2.376222 2.026667 1.995778 1.941556 1.825556 1.781334 1.528 1.590222 1.054445 0.915111 0.999111 0.972445 0.468889 0.0 0.797111 0.816444 0.866222 1.239333 3.292492 3.687539 3.186205 2.840206 2.840206 3.669237 3.669237 2.240968 2.279413 2.340746 2.808301 2.836079 1.960889 2.348888 2.309333 2.361555 1.486888 2.073777 1.993999 2.529111 4.655158 4.693158 4.516047 4.468492 3.845982 3.838204 4.431824 4.792934 5.359601 5.39649 4.939681 5.579379 5.59449 4.582444 4.530888 5.493237 5.435459 4.369539 4.209825 3.793825 3.640713 3.342427 3.131015 2.746301 3.027015 2.946444 2.812444 2.816444 2.864746 2.531603 2.297317 1.768746 1.402889 1.284682 1.015111 1.338397 1.496222 2.689111 2.235778 1.857334 1.736667 1.469334 1.309111 0.745778 0.179111 0.587555 0.637333 1.038 3.087603 3.460872 2.963983 2.63065 3.449237 2.080746 2.61719 1.742 2.080444 1.263555 2.577333 1.619508 1.792666 2.299333 2.339333 4.414714 4.201825 3.586871 4.142046 3.319682 3.382745 4.54449 3.867682 4.289904 5.137379 4.091015 4.419015 4.668348 5.405823 4.307555 5.203459
2.939778 3.324937 3.977349 3.497873 3.346223 2.314048 1.096445 1.254667 2.808175 2.806842 2.805731 2.903556 2.903556 2.815111 2.465556 2.434667 2.380445 2.264445 2.220223 1.966889 2.029111 1.493334 1.354 1.438 1.411334 0.907778 0.797111 0.0 0.833556 0.883334 1.011333 3.211572 3.606619 3.105285 2.759286 2.759286 3.588317 3.588317 2.160048 2.198493 2.259826 2.727381 2.755159 1.879969 2.267968 2.228413 2.280635 1.108889 1.695778 1.616 2.151112 4.574238 4.612238 4.435127 4.387572 3.765062 3.757284 4.350904 4.712014 5.278681 5.31557 4.858001 5.498459 5.51357 4.204445 4.152889 5.411557 5.353779 4.288619 4.128905 3.712905 3.559793 3.261507 3.050095 2.665381 2.814159 2.568445 2.434445 2.438445 2.783826 2.450683 2.216397 1.687826 1.321969 0.906683 0.637112 0.960398 1.237827 2.617064 2.674667 2.296223 2.175556 1.908223 1.748 1.184667 0.618 0.209556 0.654445 0.81 3.006683 3.379952 2.883063 2.54973 3.368317 1.999826 2.53627 1.66108 1.999524 0.885556 2.362445 1.241509 1.414667 1.921334 1.961334 4.333794 4.120905 3.505951 4.061126 3.238762 3.301825 4.46357 3.786762 4.208984 5.056459 3.837112 4.165112 4.586668 5.324903 3.929556 5.121779
3.354222 3.739381 4.391793 3.912317 3.760667 2.728492 1.510889 1.274 3.222619 3.221286 3.220175 2.922889 2.922889 2.834444 2.484889 2.454 2.399778 2.283778 2.239556 1.986222 2.048444 1.512667 1.373333 1.457333 1.430667 0.927111 0.816444 0.833556 0.0 0.408 0.781111 3.626016 4.021063 3.519729 3.17373 3.17373 4.002761 4.002761 2.574492 2.612937 2.67427 3.141825 3.169603 2.294413 2.682412 2.642857 2.695079 1.523333 2.110222 2.030444 2.565556 4.988682 5.026682 4.849571 4.802016 4.179506 4.171728 4.765348 5.126458 5.693125 5.730014 5.272445 5.912903 5.928014 4.618889 4.567333 5.826001 5.768223 4.703063 4.543349 4.127349 3.974237 3.675951 3.464539 3.079825 3.228603 2.982889 2.848889 2.852889 3.19827 2.865127 2.630841 2.10227 1.736413 1.321127 1.051556 1.052222 1.038 3.031508 2.694 2.315556 2.194889 1.927556 1.767333 1.204 0.637333 0.624 0.179111 0.579778 3.421127 3.794396 3.297507 2.964174 3.782761 2.41427 2.950714 2.075524 2.413968 1.3 2.776889 1.333333 1.829111 2.335778 2.375778 4.748238 4.535349 3.920395 4.47557 3.653206 3.716269 4.878014 4.201206 4.623428 5.470903 4.251556 4.579556 5.001112 5.739347 4.344 5.536223
3.404 3.789159 4.441571 3.962095 3.810445 2.77827 1.560667 1.323778 3.272397 3.271064 3.269953 2.972667 2.972667 2.884222 2.534667 2.503778 2.449556 2.333556 2.289334 2.036 2.098222 1.562445 1.423111 1.507111 1.480445 0.976889 0.866222 0.883334 0.408 0.0 0.830889 3.675794 4.070841 3.569507 3.223508 3.223508 4.052539 4.052539 2.62427 2.662715 2.724048 3.191603 3.219381 2.344191 2.73219 2.692635 2.744857 1.573111 2.16 2.080222 2.615334 5.03846 5.07646 4.899349 4.851794 4.229284 4.221506 4.815126 5.176236 5.742903 5.779792 5.322223 5.962681 5.977792 4.668667 4.617111 5.875779 5.818001 4.752841 4.593127 4.177127 4.024015 3.725729 3.514317 3.129603 3.278381 3.032667 2.898667 2.902667 3.248048 2.914905 2.680619 2.152048 1.786191 1.370905 1.101334 1.102 1.087778 3.081286 2.743778 2.365334 2.244667 1.977334 1.817111 1.253778 0.687111 0.673778 0.228889 0.629556 3.470905 3.844174 3.347285 3.013952 3.832539 2.464048 3.000492 2.125302 2.463746 1.349778 2.826667 1.383111 1.878889 2.385556 2.425556 4.798016 4.585127 3.970173 4.525348 3.702984 3.766047 4.927792 4.250984 4.673206 5.520681 4.301334 4.629334 5.05089 5.789125 4.393778 5.586001
3.046666 3.684888 4.3373 3.801047 3.453111 2.673999 1.456396 1.696889 3.168126 3.166793 3.165682 3.345778 3.345778 3.257333 2.907778 2.876889 2.822667 2.706667 2.662445 2.409111 2.471333 1.935556 1.796222 1.880222 1.853556 1.35 1.239333 1.011333 0.781111 0.830889 0.0 3.571523 3.96657 3.465236 3.119237 3.119237 3.948268 3.948268 2.519999 2.558444 2.619777 3.087332 3.11511 2.23992 2.627919 2.588364 2.640586 1.46884 1.802666 1.722888 2.258 4.934189 4.972189 4.795078 4.747523 4.125013 4.117235 4.710855 5.071965 5.638632 5.675521 4.964889 5.85841 5.873521 4.311333 4.259777 5.518445 5.460667 4.64857 4.488856 4.072856 3.919744 3.621458 3.410046 3.025332 2.921047 2.675333 2.541333 2.545333 3.143777 2.810634 2.576348 2.047777 1.68192 1.266634 0.997063 0.673777 0.659555 2.977015 3.116889 2.738445 2.617778 2.350445 2.190222 1.626889 1.060222 0.801777 0.602 0.201333 3.366634 3.739903 3.243014 2.909681 3.728268 2.359777 2.896221 2.021031 2.359475 1.245507 2.469333 0.954888 1.521555 2.028222 2.068222 4.693745 4.480856 3.865902 4.421077 3.598713 3.413047 4.823521 4.089936 4.512158 5.41641 3.944 4.272 4.693556 5.684854 4.036444 5.228667
3.417302 0.62 1.441334 2.227271 2.993049 2.149968 3.033793 2.476714 1.398667 1.397334 1.396223 1.889778 1.889778 1.801333 2.208666 2.80419 2.749968 2.404412 2.36019 3.188936 3.251158 3.988715 3.849381 3.933381 3.906715 3.403159 3.292492 3.211572 3.626016 3.675794 3.571523 0.0 0.809334 1.301778 1.538064 1.538064 1.865334 1.865334 1.995968 2.034413 2.095746 2.563301 2.591079 2.447603 2.835602 2.796047 2.848269 3.046237 3.633126 3.553348 3.877238 1.772444 1.810444 1.633333 1.585778 1.825619 1.817841 1.814889 2.175999 2.742666 2.779555 2.665999 2.962444 2.977555 3.464 3.412444 3.219555 3.161777 1.486825 1.327111 0.911111 1.023778 1.322064 1.779493 2.164207 2.444921 2.690635 2.921492 3.210349 0.514445 0.760889 0.995175 1.523746 1.889603 2.304889 2.57446 2.897746 3.175175 1.207556 1.660889 2.039333 2.545079 2.04819 2.970047 3.680048 3.113381 3.002016 3.446905 3.37019 0.204889 0.582667 1.079556 1.328508 1.645334 1.835746 2.37219 2.228714 2.567158 2.822904 3.004634 3.178857 3.352015 3.337746 3.68746 1.532 1.319111 1.566508 1.525111 1.96816 2.615271 1.927555 2.51616 2.274666 2.520444 2.739493 2.668444 2.394666 2.788888 3.189111 2.929777
3.061302 1.019556 1.085334 1.871271 2.637049 2.15954 3.42884 2.871761 1.798223 1.79689 1.795779 2.289334 2.289334 2.200889 2.608222 3.199237 3.145015 2.799459 2.755237 3.583983 3.646205 4.383762 4.244428 4.328428 4.301762 3.798206 3.687539 3.606619 4.021063 4.070841 3.96657 0.809334 0.0 0.945778 1.266445 1.266445 1.509334 1.509334 2.391015 2.42946 2.490793 2.572873 2.600651 2.84265 3.230649 3.191094 3.243316 3.441284 3.769524 3.689746 3.521238 1.738444 1.776444 1.599333 1.551778 1.469619 1.461841 1.458889 1.819999 2.386666 2.423555 2.309999 2.606444 2.621555 3.108 3.056444 2.863555 2.805777 1.452825 1.293111 0.877111 0.667778 0.966064 1.423493 1.808207 2.088921 2.334635 2.565492 2.854349 0.914001 1.160445 1.390222 1.918793 2.28465 2.699936 2.969507 3.292793 3.570222 1.607112 2.060445 2.438889 2.940126 2.443237 3.365094 4.075095 3.508428 3.397063 3.841952 3.765237 0.604445 0.226667 0.723556 1.056889 1.289334 2.230793 2.381762 2.623761 2.962205 3.217951 2.736699 3.573904 3.488413 2.981746 3.33146 1.498 1.285111 1.210508 1.169111 1.61216 2.259271 1.571555 2.16016 1.918666 2.164444 2.383493 2.312444 2.038666 2.432888 2.833111 2.573777
2.695904 1.512 1.316508 1.505873 2.271651 1.794142 2.927506 2.370427 1.480666 1.479333 1.478222 1.971777 1.971777 1.883332 2.290665 2.697903 2.643681 2.298125 2.253903 3.082649 3.144871 3.882428 3.743094 3.827094 3.800428 3.296872 3.186205 3.105285 3.519729 3.569507 3.465236 1.301778 0.945778 0.0 0.765111 0.765111 1.008 1.008 1.889681 1.928126 1.989459 2.207475 2.235253 2.341316 2.729315 2.68976 2.741982 2.93995 3.404126 3.324348 3.15584 2.115142 2.153142 1.976031 1.928476 1.104221 1.096443 1.690063 2.051173 2.61784 2.654729 2.541173 2.837618 2.852729 3.129873 3.078317 3.094729 3.036951 1.829523 1.669809 1.253809 0.898952 0.600666 1.058095 1.442809 1.723523 1.969237 2.200094 2.488951 1.406445 1.123174 0.888888 1.417459 1.783316 2.198602 2.468173 2.791459 3.068888 1.289555 1.742888 2.121332 2.438792 1.941903 2.86376 3.573761 3.007094 2.895729 3.340618 3.263903 1.096889 0.719111 0.222222 0.555555 0.788 1.729459 2.016364 2.122427 2.460871 2.716617 2.371301 3.07257 3.123015 2.616348 2.966062 1.874698 1.661809 0.84511 1.400285 1.246762 1.893873 1.802729 1.794762 2.14984 2.395618 2.018095 2.346095 2.26984 2.664062 2.854984 2.804951
