0.0 4.623733 4.049933 2.388667 1.24 2.354 2.765 4.6862 4.921 4.919 4.917333 5.573 5.573 5.440334 4.916 5.214 5.132666 4.614333 4.548 5.754533 5.847867 6.021 5.812 5.938 5.898 5.142667 4.976667 4.409666 5.031333 5.105999 4.570001 4.959267 4.425267 3.907 4.388 4.388 3.172933 3.172933 3.065666 3.123333 3.215333 2.974 3.015666 3.819667 3.386334 3.327 3.405334 3.416333 2.709334 2.589667 1.752334 5.1708 5.2278 5.003733 4.9324 3.761334 3.749667 4.503667 3.838 4.687999 4.743333 3.507666 4.940999 4.963666 2.527333 2.45 4.338 4.251333 4.7264 4.5028 3.9204 3.4236 3.006 2.3656 1.827 1.434 1.09 0.807 0.752 4.827733 4.361333 4.033333 3.293333 3.805533 3.8314 3.454 3.559334 3.947734 4.634333 5.229667 4.662 4.825333 4.08 5.4262 5.558 4.708 4.095333 4.762666 4.268001 4.651934 4.085267 3.573667 4.073667 2.842933 2.825333 2.687333 3.491334 2.983667 3.081333 2.238334 3.137667 2.287667 1.576667 1.467667 4.810133 4.5324 3.372667 4.069 2.6486 1.806667 3.465333 2.311333 2.944666 4.354666 1.976333 2.468333 3.100666 4.680666 2.115 3.903333
4.623733 0.0 1.826466 2.9298 4.078467 3.2854 4.506067 3.738934 2.234734 2.232734 2.231067 2.9714 2.9714 2.838734 3.449734 4.266734 4.1854 3.667067 3.600734 4.807267 4.900601 6.006934 5.797934 5.923934 5.883934 5.128601 4.962601 4.772733 5.3944 5.469066 5.280334 0.93 1.529334 2.268 2.4204 2.4204 3.065466 3.065466 3.0544 3.112067 3.204067 3.9054 3.947066 3.695267 4.277268 4.217934 4.296268 4.524734 5.405067 5.2854 5.261667 1.953733 2.010733 1.786666 1.715333 2.373067 2.3614 2.3868 2.928467 3.778466 3.8338 3.663467 4.108133 4.1308 4.860467 4.783134 4.493801 4.407134 1.509333 1.285733 0.703333 1.200133 1.617733 2.258133 2.796733 3.189733 3.533733 3.856933 4.261333 0.811667 1.278067 1.606067 2.346067 2.858267 3.439667 3.817067 4.269667 4.658067 1.948067 2.628067 3.195734 3.878067 3.132734 4.478934 5.543934 4.693934 4.4584 5.125733 4.978334 0.622667 1.189334 1.934667 2.106067 2.735466 2.814067 3.618733 3.366934 3.874601 4.189734 4.1614 4.691334 4.9834 4.5044 4.977 1.593066 1.315333 1.9844 1.952133 2.541133 3.5118 2.5558 3.363133 3.076467 3.445133 3.698133 3.667134 3.256467 3.8478 4.448134 4.059134
4.049933 1.826466 0.0 2.356 3.443667 2.749933 5.167933 4.744467 3.499267 3.497267 3.4956 4.235933 4.235933 4.103267 4.714267 5.272267 5.190933 4.6726 4.606267 5.8128 5.906134 7.012467 6.803467 6.929467 6.889467 6.134134 5.968134 5.778266 6.399933 6.474599 6.285867 2.162 1.628 1.944933 2.425933 2.425933 2.491666 2.491666 3.461599 3.519266 3.611266 3.369933 3.411599 4.7008 4.7356 4.676266 4.7546 5.530267 5.112267 4.9926 4.687867 1.679 1.736 1.252333 1.181 1.799267 1.7876 1.049334 1.591001 2.441 2.496334 2.326001 2.770667 2.793334 3.523001 3.445668 3.156335 3.069668 1.849266 1.625666 1.123133 0.626333 1.043933 1.684333 2.222933 2.615933 2.959933 3.283133 3.687533 2.319 2.688667 2.6116 3.3516 3.8638 4.4452 4.8226 5.2752 5.6636 3.2126 3.8926 4.460267 4.8836 4.138267 5.484467 6.549467 5.699467 5.463933 6.131266 5.983867 1.854667 1.288 1.6116 2.1116 2.161666 3.221266 3.083266 4.372467 4.332933 5.195267 3.5876 5.5406 4.6906 3.9306 4.4032 1.318333 0.781 1.4106 0.614667 1.967333 2.938 1.218334 2.372334 1.739001 2.107667 2.707334 2.329668 1.919001 2.510334 3.110668 2.721668
2.388667 2.9298 2.356 0.0 1.148667 1.737267 3.872 4.069467 3.767401 3.765401 3.763734 4.504067 4.504067 4.371401 4.299267 4.597267 4.515933 3.9976 3.931267 5.1378 5.231134 6.337467 6.128467 6.254467 6.214467 5.459134 5.293134 5.103266 5.724933 5.799599 5.610867 3.265334 2.731334 2.213067 2.694067 2.694067 1.479 1.479 2.448933 2.5066 2.5986 2.357267 2.398933 3.873 3.439667 3.380333 3.458667 4.523333 3.816334 3.696667 3.391934 3.476867 3.533867 3.3098 3.238467 2.067401 2.055734 2.625667 1.96 2.809999 2.865333 2.041333 3.139666 3.162333 2.436 2.358667 2.871667 2.785 3.032467 2.808867 2.226467 1.729667 1.312067 0.671667 1.210267 1.32 1.664 1.9872 2.3916 3.422334 3.207734 2.879734 2.6766 3.1888 3.7702 4.1476 4.6002 4.9886 3.480734 4.160734 4.045267 4.2086 3.463267 4.809467 5.874467 5.024467 4.788933 5.456266 5.308867 2.958001 2.391334 1.879734 2.379734 1.149 2.2086 2.0706 3.544667 3.037 4.188333 2.291667 4.244667 3.394667 2.634667 3.107267 3.1162 2.838467 1.678734 2.191 0.388667 0.582 1.587333 0.433333 1.066666 2.476666 0.768333 1.260333 1.634333 2.879333 2.023667 2.437
1.24 4.078467 3.443667 1.148667 0.0 2.048334 3.374667 4.380534 4.615334 4.613334 4.611667 5.267334 5.267334 5.134668 4.610334 4.908334 4.827 4.308667 4.242334 5.448867 5.542201 6.630667 6.421667 6.547667 6.507667 5.752334 5.586334 5.019333 5.641 5.715666 5.179668 4.414001 3.880001 3.361734 3.842734 3.842734 2.627667 2.627667 2.76 2.817667 2.909667 2.668334 2.71 3.857667 3.424334 3.365 3.443334 4.026 3.319001 3.199334 2.894601 4.625534 4.682534 4.458467 4.387134 3.216068 3.204401 3.263667 2.598 3.447999 3.503333 2.267666 3.700999 3.723666 1.287333 1.21 3.098 3.011333 4.181134 3.957534 3.375134 2.878334 2.460734 1.820334 1.521334 1.304667 1.166667 1.489867 1.894267 4.522067 4.055667 3.727667 2.987667 3.499867 4.081267 4.063667 4.169001 4.557401 4.328667 4.924001 4.356334 4.519667 3.774334 5.120534 6.167667 5.317667 4.705 5.372333 4.877668 4.106668 3.540001 3.028401 3.528401 2.297667 2.519667 2.381667 3.529334 3.021667 3.691 2.276334 3.747334 2.897334 2.137334 2.609934 4.264867 3.987134 2.827401 2.829 1.537334 0.566667 2.225333 1.071333 1.704666 3.114666 0.736333 1.228333 1.860666 3.440666 0.875 2.663333
2.354 3.2854 2.749933 1.737267 2.048334 0.0 3.099333 2.3322 2.567 2.565 2.563333 3.219 3.219 3.086334 2.562 2.86 2.778666 2.260333 2.194 3.400533 3.493867 4.6002 4.3912 4.5172 4.4772 3.721867 3.555867 3.365999 3.987666 4.062332 3.8736 3.148666 3.125267 2.607 2.493666 2.493666 1.872933 1.872933 0.711666 0.769333 0.861333 0.62 0.661666 2.288533 2.43 2.370666 2.449 3.118 3.125334 3.005667 2.795001 3.8708 3.9278 3.703733 3.6324 2.461334 2.449667 3.310267 3.697267 4.547266 4.6026 3.7786 4.876933 4.8996 3.335667 3.258334 4.608934 4.522267 3.4264 3.2028 2.6204 2.1236 1.706 1.0656 0.527 0.92 1.264 1.5872 1.9916 2.473733 2.007333 1.679333 0.939333 1.451533 2.032933 2.410333 2.862933 3.251333 2.280333 2.875667 2.308 2.471333 1.726 3.0722 4.1372 3.2872 3.051666 3.718999 3.5716 2.841333 2.785267 2.273667 2.179333 1.542933 0.471333 0.333333 1.9602 2.027333 2.783 1.282 3.2846 2.703667 1.943667 2.510334 3.510133 3.2324 2.072667 2.8756 1.3486 1.481667 3.3246 2.1706 2.803933 4.213933 2.5056 2.9976 3.3716 4.6166 2.923334 4.174267
2.765 4.506067 5.167933 3.872 3.374667 3.099333 0.0 2.528467 3.787667 3.785667 3.784 4.439667 4.439667 4.307001 3.782667 4.080667 3.999333 3.481 3.414667 3.5968 3.690134 3.256 3.047 3.173 3.133 2.377667 2.211667 1.644666 2.266333 2.340999 2.152267 4.369333 4.968667 4.233333 3.714333 3.714333 4.290933 4.290933 2.868333 2.926 3.018 3.134334 3.176 2.4848 3.047 2.987666 3.066 0.651333 0.899 0.779333 1.582 6.2888 6.3458 6.121733 6.0504 4.879334 4.867667 5.728267 5.832 6.681999 6.737333 5.642333 7.011666 7.034333 4.662 4.584667 6.472667 6.386 5.8444 5.6208 5.0384 4.5416 4.124 3.4836 2.945 2.552 2.208 2.007 2.013 3.6944 3.228 2.9 2.16 1.6478 1.0664 0.689 1.1416 1.53 3.501 4.096334 3.528667 3.692 2.946667 3.268467 2.793 1.943 1.330333 1.997666 1.850267 4.062 4.628667 3.9 3.4 3.960933 2.628 2.847667 2.156467 2.644333 0.316333 1.899 1.327333 0.477333 1.237333 1.297333 5.928133 5.6504 4.490667 5.2936 3.7666 3.29 5.459333 4.305333 4.938666 6.348666 4.111 4.603 5.235333 6.751333 4.249667 6.038
4.6862 3.738934 4.744467 4.069467 4.380534 2.3322 2.528467 0.0 3.020534 3.018534 3.016867 2.473333 2.473333 2.340667 1.816333 1.77 1.688666 1.514666 1.448333 1.068333 1.161667 2.268 2.059 2.185 2.145 1.389667 1.223667 1.882 1.911 1.985666 2.545333 3.6022 4.201534 3.4662 2.9472 2.9472 4.205133 4.205133 2.1012 2.158867 2.250867 2.9522 2.993866 1.717667 2.299668 2.240334 2.318668 2.547134 3.427467 3.3078 4.110467 5.6046 5.6616 5.437533 5.3662 4.455868 4.444201 5.304801 5.846468 6.696467 6.751801 6.1108 7.026134 7.048801 5.667867 5.590534 6.941134 6.854467 5.1602 4.9366 4.3542 4.118134 3.700534 3.3978 2.8592 3.2522 3.5962 3.9194 4.3238 2.927267 2.460867 2.132867 1.392867 0.880667 1.462067 1.839467 2.292067 2.680467 2.733867 2.13 1.562333 1.381333 0.980333 0.74 1.805 0.955 1.567667 1.642333 2.243333 3.294867 3.861534 3.132867 2.632867 3.875133 1.860867 2.665533 1.389334 1.897001 2.212134 2.642334 2.713734 3.0058 3.304001 3.8258 5.243933 4.9662 4.067201 4.870134 3.6808 3.813867 5.473801 4.5028 5.136133 6.363134 4.8378 5.3298 5.7038 6.765801 5.255534 6.506467
4.921 2.234734 3.499267 3.767401 4.615334 2.567 3.787667 3.020534 0.0 0.571334 0.569667 1.31 1.31 1.177334 1.788334 2.845001 2.763667 2.650667 2.584334 3.426 3.519334 4.708667 4.499667 4.625667 4.585667 4.410201 4.244201 4.054333 4.676 4.750666 4.561934 2.098 2.697334 2.221 1.702 1.702 3.066334 3.066334 2.336 2.393667 2.485667 3.187 3.228666 2.976867 3.558868 3.499534 3.577868 3.806334 4.686667 4.567 5.362001 4.1004 4.1574 3.933333 3.862 3.210668 3.199001 4.059601 4.601268 5.451267 5.506601 5.336268 5.780934 5.803601 5.902667 5.825334 6.166602 6.079935 3.656 3.4324 2.85 2.872934 2.455334 3.095734 3.094 3.487 3.831 4.1542 4.5586 1.423067 0.956667 0.887667 1.627667 2.139867 2.721267 3.098667 3.551267 3.939667 0.286667 0.966667 1.534334 2.456334 2.116334 3.097667 4.245667 3.975534 3.74 4.407333 4.259934 1.790667 2.357334 1.887667 1.387667 2.736334 2.095667 2.900333 2.648534 3.156201 3.471334 3.849 3.972934 4.265 4.510667 5.077334 3.739733 3.462 2.822001 3.624934 3.378734 4.048667 4.228601 4.200734 4.749268 5.117934 4.535734 5.027734 4.929268 5.520601 5.490334 5.731935
4.919 2.232734 3.497267 3.765401 4.613334 2.565 3.785667 3.018534 0.571334 0.0 0.567667 1.308 1.308 1.175334 1.786334 2.843001 2.761667 2.648667 2.582334 3.424 3.517334 4.706667 4.497667 4.623667 4.583667 4.408201 4.242201 4.052333 4.674 4.748666 4.559934 2.096 2.695334 2.219 1.7 1.7 3.064334 3.064334 2.334 2.391667 2.483667 3.185 3.226666 2.974867 3.556868 3.497534 3.575868 3.804334 4.684667 4.565 5.360001 4.0984 4.1554 3.931333 3.86 3.208668 3.197001 4.057601 4.599268 5.449267 5.504601 5.334268 5.778934 5.801601 5.900667 5.823334 6.164602 6.077935 3.654 3.4304 2.848 2.870934 2.453334 3.093734 3.092 3.485 3.829 4.1522 4.5566 1.421067 0.954667 0.885667 1.625667 2.137867 2.719267 3.096667 3.549267 3.937667 0.284667 0.964667 1.532334 2.454334 2.114334 3.095667 4.243667 3.973534 3.738 4.405333 4.257934 1.788667 2.355334 1.885667 1.385667 2.734334 2.093667 2.898333 2.646534 3.154201 3.469334 3.847 3.970934 4.263 4.508667 5.075334 3.737733 3.46 2.820001 3.622934 3.376734 4.046667 4.226601 4.198734 4.747268 5.115934 4.533734 5.025734 4.927268 5.518601 5.488334 5.729935
4.917333 2.231067 3.4956 3.763734 4.611667 2.563333 3.784 3.016867 0.569667 0.567667 0.0 1.306333 1.306333 1.173667 1.784667 2.841334 2.76 2.647 2.580667 3.422333 3.515667 4.705 4.496 4.622 4.582 4.406534 4.240534 4.050666 4.672333 4.746999 4.558267 2.094333 2.693667 2.217333 1.698333 1.698333 3.062667 3.062667 2.332333 2.39 2.482 3.183333 3.224999 2.9732 3.555201 3.495867 3.574201 3.802667 4.683 4.563333 5.358334 4.096733 4.153733 3.929666 3.858333 3.207001 3.195334 4.055934 4.597601 5.4476 5.502934 5.332601 5.777267 5.799934 5.899 5.821667 6.162935 6.076268 3.652333 3.428733 2.846333 2.869267 2.451667 3.092067 3.090333 3.483333 3.827333 4.150533 4.554933 1.4194 0.953 0.884 1.624 2.1362 2.7176 3.095 3.5476 3.936 0.283 0.963 1.530667 2.452667 2.112667 3.094 4.242 3.971867 3.736333 4.403666 4.256267 1.787 2.353667 1.884 1.384 2.732667 2.092 2.896666 2.644867 3.152534 3.467667 3.845333 3.969267 4.261333 4.507 5.073667 3.736066 3.458333 2.818334 3.621267 3.375067 4.045 4.224934 4.197067 4.745601 5.114267 4.532067 5.024067 4.925601 5.516934 5.486667 5.728268
5.573 2.9714 4.235933 4.504067 5.267334 3.219 4.439667 2.473333 1.31 1.308 1.306333 0.0 0.686666 0.554 1.165 2.221667 2.140333 2.027333 1.961 2.802666 2.896 4.085333 3.876333 4.002333 3.962333 3.863 3.697 4.355333 4.384333 4.458999 5.018666 2.834666 3.434 2.957666 2.438666 2.438666 3.803 3.803 2.988 3.045667 3.137667 3.839 3.880666 3.628867 4.210868 4.151534 4.229868 4.458334 5.338667 5.219 6.014001 4.837066 4.894066 4.669999 4.598666 3.947334 3.935667 4.796267 5.337934 6.187933 6.243267 6.072934 6.5176 6.540267 6.554667 6.477334 6.903268 6.816601 4.392666 4.169066 3.586666 3.6096 3.192 3.8324 3.746 4.139 4.483 4.8062 5.2106 2.159733 1.693333 1.624333 2.279667 2.791867 3.373267 3.750667 4.203267 4.591667 1.023333 0.343333 0.911 1.833 1.493 2.474333 3.622333 3.428333 4.041 4.115666 4.716666 2.527333 3.094 2.624333 2.124333 3.473 2.747667 3.552333 3.300534 3.808201 4.123334 4.501 4.624934 4.917 5.162667 5.729334 4.476399 4.198666 3.558667 4.3616 4.1154 4.700667 4.965267 4.9374 5.485934 5.8546 5.2724 5.7644 5.665934 6.257267 6.142334 6.468601
5.573 2.9714 4.235933 4.504067 5.267334 3.219 4.439667 2.473333 1.31 1.308 1.306333 0.686666 0.0 0.554 1.165 2.221667 2.140333 2.027333 1.961 2.802666 2.896 4.085333 3.876333 4.002333 3.962333 3.863 3.697 4.355333 4.384333 4.458999 5.018666 2.834666 3.434 2.957666 2.438666 2.438666 3.803 3.803 2.988 3.045667 3.137667 3.839 3.880666 3.628867 4.210868 4.151534 4.229868 4.458334 5.338667 5.219 6.014001 4.837066 4.894066 4.669999 4.598666 3.947334 3.935667 4.796267 5.337934 6.187933 6.243267 6.072934 6.5176 6.540267 6.554667 6.477334 6.903268 6.816601 4.392666 4.169066 3.586666 3.6096 3.192 3.8324 3.746 4.139 4.483 4.8062 5.2106 2.159733 1.693333 1.624333 2.279667 2.791867 3.373267 3.750667 4.203267 4.591667 1.023333 0.343333 0.911 1.833 1.493 2.474333 3.622333 3.428333 4.041 4.115666 4.716666 2.527333 3.094 2.624333 2.124333 3.473 2.747667 3.552333 3.300534 3.808201 4.123334 4.501 4.624934 4.917 5.162667 5.729334 4.476399 4.198666 3.558667 4.3616 4.1154 4.700667 4.965267 4.9374 5.485934 5.8546 5.2724 5.7644 5.665934 6.257267 6.142334 6.468601
5.440334 2.838734 4.103267 4.371401 5.134668 3.086334 4.307001 2.340667 1.177334 1.175334 1.173667 0.554 0.554 0.0 1.032334 2.089001 2.007667 1.894667 1.828334 2.67 2.763334 3.952667 3.743667 3.869667 3.829667 3.730334 3.564334 4.222667 4.251667 4.326333 4.886 2.702 3.301334 2.825 2.306 2.306 3.670334 3.670334 2.855334 2.913001 3.005001 3.706334 3.748 3.496201 4.078202 4.018868 4.097202 4.325668 5.206001 5.086334 5.881335 4.7044 4.7614 4.537333 4.466 3.814668 3.803001 4.663601 5.205268 6.055267 6.110601 5.940268 6.384934 6.407601 6.422001 6.344668 6.770602 6.683935 4.26 4.0364 3.454 3.476934 3.059334 3.699734 3.613334 4.006334 4.350334 4.673534 5.077934 2.027067 1.560667 1.491667 2.147001 2.659201 3.240601 3.618001 4.070601 4.459001 0.890667 0.210667 0.778334 1.700334 1.360334 2.341667 3.489667 3.295667 3.908334 3.983 4.584 2.394667 2.961334 2.491667 1.991667 3.340334 2.615001 3.419667 3.167868 3.675535 3.990668 4.368334 4.492268 4.784334 5.030001 5.596668 4.343733 4.066 3.426001 4.228934 3.982734 4.568001 4.832601 4.804734 5.353268 5.721934 5.139734 5.631734 5.533268 6.124601 6.009668 6.335935
4.916 3.449734 4.714267 4.299267 4.610334 2.562 3.782667 1.816333 1.788334 1.786334 1.784667 1.165 1.165 1.032334 0.0 1.564667 1.483333 1.370333 1.304 2.145666 2.239 3.428333 3.219333 3.345333 3.305333 3.206 3.04 3.698333 3.727333 3.801999 4.361666 3.313 3.912334 3.436 2.917 2.917 4.281334 4.281334 2.331 2.388667 2.480667 3.182 3.223666 2.971867 3.553868 3.494534 3.572868 3.801334 4.681667 4.562 5.357001 5.3154 5.3724 5.148333 5.077 4.425668 4.414001 5.274601 5.816268 6.666267 6.721601 6.3406 6.995934 7.018601 5.897667 5.820334 7.170934 7.084267 4.871 4.6474 4.065 4.087934 3.670334 3.6276 3.089 3.482 3.826 4.1492 4.5536 2.638067 2.171667 2.102667 1.622667 2.134867 2.716267 3.093667 3.546267 3.934667 1.501667 0.821667 0.254 1.176 0.836 1.817333 2.965333 2.771333 3.384 3.458666 4.059666 3.005667 3.572334 3.102667 2.602667 3.951334 2.090667 2.895333 2.643534 3.151201 3.466334 3.844 3.967934 4.26 4.505667 5.072334 4.954733 4.677 4.037001 4.839934 3.9106 4.043667 5.443601 4.7326 5.365933 6.332934 5.0676 5.5596 5.9336 6.735601 5.485334 6.736267
5.214 4.266734 5.272267 4.597267 4.908334 2.86 4.080667 1.77 2.845001 2.843001 2.841334 2.221667 2.221667 2.089001 1.564667 0.0 0.696 1.668333 1.602 1.358333 1.451667 2.641 2.432 2.558 2.518 3.159667 2.993667 3.652 3.681 3.755666 4.315333 4.13 4.729334 3.994 3.475 3.475 4.732933 4.732933 2.629 2.686667 2.778667 3.48 3.521666 3.269867 3.851868 3.792534 3.870868 4.099334 4.979667 4.86 5.655001 6.1324 6.1894 5.965333 5.894 4.983668 4.972001 5.832601 6.374268 7.224267 7.279601 6.6386 7.553934 7.576601 6.195667 6.118334 7.468934 7.382267 5.688 5.4644 4.882 4.645934 4.228334 3.9256 3.387 3.78 4.124 4.4472 4.8516 3.455067 2.988667 2.660667 1.920667 2.432867 3.014267 3.391667 3.844267 4.232667 2.558334 1.878334 1.310667 0.388667 1.134 1.03 2.178 2.725 3.337667 3.412333 4.013333 3.822667 4.389334 3.660667 3.160667 4.402933 2.388667 3.193333 2.941534 3.449201 3.764334 4.142 4.265934 4.558 4.803667 5.370334 5.771733 5.494 4.595001 5.397934 4.2086 4.341667 6.001601 5.0306 5.663933 6.890934 5.3656 5.8576 6.2316 7.293601 5.783334 7.034267
5.132666 4.1854 5.190933 4.515933 4.827 2.778666 3.999333 1.688666 2.763667 2.761667 2.76 2.140333 2.140333 2.007667 1.483333 0.696 0.0 1.586999 1.520666 1.276999 1.370333 2.559666 2.350666 2.476666 2.436666 3.078333 2.912333 3.570666 3.599666 3.674332 4.233999 4.048666 4.648 3.912666 3.393666 3.393666 4.651599 4.651599 2.547666 2.605333 2.697333 3.398666 3.440332 3.188533 3.770534 3.7112 3.789534 4.018 4.898333 4.778666 5.573667 6.051066 6.108066 5.883999 5.812666 4.902334 4.890667 5.751267 6.292934 7.142933 7.198267 6.557266 7.4726 7.495267 6.114333 6.037 7.3876 7.300933 5.606666 5.383066 4.800666 4.5646 4.147 3.844266 3.305666 3.698666 4.042666 4.365866 4.770266 3.373733 2.907333 2.579333 1.839333 2.351533 2.932933 3.310333 3.762933 4.151333 2.477 1.797 1.229333 0.307333 1.052666 0.948666 2.096666 2.643666 3.256333 3.330999 3.931999 3.741333 4.308 3.579333 3.079333 4.321599 2.307333 3.111999 2.8602 3.367867 3.683 4.060666 4.1846 4.476666 4.722333 5.289 5.690399 5.412666 4.513667 5.3166 4.127266 4.260333 5.920267 4.949266 5.582599 6.8096 5.284266 5.776266 6.150266 7.212267 5.702 6.952933
4.614333 3.667067 4.6726 3.9976 4.308667 2.260333 3.481 1.514666 2.650667 2.648667 2.647 2.027333 2.027333 1.894667 1.370333 1.668333 1.586999 0.0 1.002333 2.249332 2.342666 3.531999 3.322999 3.448999 3.408999 2.904333 2.738333 3.396666 3.425666 3.500332 4.059999 3.530333 4.129667 3.394333 2.875333 2.875333 4.133266 4.133266 2.029333 2.087 2.179 2.880333 2.921999 2.6702 3.252201 3.192867 3.271201 3.499667 4.38 4.260333 5.055334 5.532733 5.589733 5.365666 5.294333 4.384001 4.372334 5.232934 5.774601 6.6246 6.679934 6.038933 6.954267 6.976934 5.596 5.518667 6.869267 6.7826 5.088333 4.864733 4.282333 4.046267 3.628667 3.325933 2.787333 3.180333 3.524333 3.847533 4.251933 2.8554 2.389 2.061 1.321 1.8332 2.4146 2.792 3.2446 3.633 2.364 1.684 1.116333 1.279666 0.534333 1.920999 3.068999 2.469666 3.082333 3.156999 3.757999 3.223 3.789667 3.061 2.561 3.803266 1.789 2.593666 2.341867 2.849534 3.164667 3.542333 3.666267 3.958333 4.204 4.770667 5.172066 4.894333 3.995334 4.798267 3.608933 3.742 5.401934 4.430933 5.064266 6.291267 4.765933 5.257933 5.631933 6.693934 5.183667 6.4346
4.548 3.600734 4.606267 3.931267 4.242334 2.194 3.414667 1.448333 2.584334 2.582334 2.580667 1.961 1.961 1.828334 1.304 1.602 1.520666 1.002333 0.0 2.182999 2.276333 3.465666 3.256666 3.382666 3.342666 2.838 2.672 3.330333 3.359333 3.433999 3.993666 3.464 4.063334 3.328 2.809 2.809 4.066933 4.066933 1.963 2.020667 2.112667 2.814 2.855666 2.603867 3.185868 3.126534 3.204868 3.433334 4.313667 4.194 4.989001 5.4664 5.5234 5.299333 5.228 4.317668 4.306001 5.166601 5.708268 6.558267 6.613601 5.9726 6.887934 6.910601 5.529667 5.452334 6.802934 6.716267 5.022 4.7984 4.216 3.979934 3.562334 3.2596 2.721 3.114 3.458 3.7812 4.1856 2.789067 2.322667 1.994667 1.254667 1.766867 2.348267 2.725667 3.178267 3.566667 2.297667 1.617667 1.05 1.213333 0.468 1.854666 3.002666 2.403333 3.016 3.090666 3.691666 3.156667 3.723334 2.994667 2.494667 3.736933 1.722667 2.527333 2.275534 2.783201 3.098334 3.476 3.599934 3.892 4.137667 4.704334 5.105733 4.828 3.929001 4.731934 3.5426 3.675667 5.335601 4.3646 4.997933 6.224934 4.6996 5.1916 5.5656 6.627601 5.117334 6.368267
5.754533 4.807267 5.8128 5.1378 5.448867 3.400533 3.5968 1.068333 3.426 3.424 3.422333 2.802666 2.802666 2.67 2.145666 1.358333 1.276999 2.249332 2.182999 0.0 0.75 1.939333 1.730333 1.856333 1.816333 2.458 2.292 2.950333 2.979333 3.053999 3.613666 4.670533 5.269867 4.534533 4.015533 4.015533 5.273466 5.273466 3.169533 3.2272 3.3192 4.020533 4.062199 2.786 3.368001 3.308667 3.387001 3.615467 4.4958 4.376133 5.1788 6.672933 6.729933 6.505866 6.434533 5.524201 5.512534 6.373134 6.914801 7.7648 7.820134 7.179133 8.094467 8.117134 6.7362 6.658867 8.009467 7.9228 6.228533 6.004933 5.422533 5.186467 4.768867 4.466133 3.927533 4.320533 4.664533 4.987733 5.392133 3.9956 3.5292 3.2012 2.4612 1.949 2.5304 2.9078 3.3604 3.7488 3.139333 2.459333 1.891666 0.969666 1.714999 0.328333 1.476333 2.023333 2.636 2.710666 3.311666 4.3632 4.929867 4.2012 3.7012 4.943466 2.9292 3.733866 2.457667 2.965334 3.280467 3.710667 3.782067 4.074133 4.372334 4.894133 6.312266 6.034533 5.135534 5.938467 4.749133 4.8822 6.542134 5.571133 6.204466 7.431467 5.906133 6.398133 6.772133 7.834134 6.323867 7.5748
5.847867 4.900601 5.906134 5.231134 5.542201 3.493867 3.690134 1.161667 3.519334 3.517334 3.515667 2.896 2.896 2.763334 2.239 1.451667 1.370333 2.342666 2.276333 0.75 0.0 2.032667 1.823667 1.949667 1.909667 2.551334 2.385334 3.043667 3.072667 3.147333 3.707 4.763867 5.363201 4.627867 4.108867 4.108867 5.3668 5.3668 3.262867 3.320534 3.412534 4.113867 4.155533 2.879334 3.461335 3.402001 3.480335 3.708801 4.589134 4.469467 5.272134 6.766267 6.823267 6.5992 6.527867 5.617535 5.605868 6.466468 7.008135 7.858134 7.913468 7.272467 8.187801 8.210468 6.829534 6.752201 8.102801 8.016134 6.321867 6.098267 5.515867 5.279801 4.862201 4.559467 4.020867 4.413867 4.757867 5.081067 5.485467 4.088934 3.622534 3.294534 2.554534 2.042334 2.623734 3.001134 3.453734 3.842134 3.232667 2.552667 1.985 1.063 1.808333 0.421667 1.569667 2.116667 2.729334 2.804 3.405 4.456534 5.023201 4.294534 3.794534 5.0368 3.022534 3.8272 2.551001 3.058668 3.373801 3.804001 3.875401 4.167467 4.465668 4.987467 6.4056 6.127867 5.228868 6.031801 4.842467 4.975534 6.635468 5.664467 6.2978 7.524801 5.999467 6.491467 6.865467 7.927468 6.417201 7.668134
6.021 6.006934 7.012467 6.337467 6.630667 4.6002 3.256 2.268 4.708667 4.706667 4.705 4.085333 4.085333 3.952667 3.428333 2.641 2.559666 3.531999 3.465666 1.939333 2.032667 0.0 0.717 0.843 0.803 1.747667 1.581667 2.24 2.269 2.343666 2.903333 5.8702 6.469534 5.7342 5.2152 5.2152 6.473133 6.473133 4.3692 4.426867 4.518867 5.2202 5.261866 3.985667 4.567668 4.508334 4.586668 3.274667 4.155 4.035333 4.838 7.8726 7.9296 7.705533 7.6342 6.723868 6.712201 7.572801 8.114468 8.964467 9.019801 8.3788 9.294134 9.316801 7.918 7.840667 9.209134 9.122467 7.4282 7.2046 6.6222 6.386134 5.968534 5.6658 5.1272 5.5202 5.464 5.263 5.269 5.195267 4.728867 4.400867 3.660867 3.148667 2.9444 2.567 3.0196 3.288666 4.422 3.742 3.174333 2.252333 2.997666 1.611 0.463 1.313 1.925667 2.000333 2.601333 5.562867 6.129534 5.400867 4.900867 6.143133 4.128867 4.933533 3.657334 4.165001 2.939667 4.910334 3.441267 3.733333 4.493333 4.553333 7.511933 7.2342 6.335201 7.138134 5.9488 6.081867 7.741801 6.7708 7.404133 8.631134 7.1058 7.5978 7.9718 9.033801 7.505667 8.774467
5.812 5.797934 6.803467 6.128467 6.421667 4.3912 3.047 2.059 4.499667 4.497667 4.496 3.876333 3.876333 3.743667 3.219333 2.432 2.350666 3.322999 3.256666 1.730333 1.823667 0.717 0.0 0.634 0.594 1.538667 1.372667 2.031 2.06 2.134666 2.694333 5.6612 6.260534 5.5252 5.0062 5.0062 6.264133 6.264133 4.1602 4.217867 4.309867 5.0112 5.052866 3.776667 4.358668 4.299334 4.377668 3.065667 3.946 3.826333 4.629 7.6636 7.7206 7.496533 7.4252 6.514868 6.503201 7.363801 7.905468 8.755467 8.810801 8.1698 9.085134 9.107801 7.709 7.631667 9.000134 8.913467 7.2192 6.9956 6.4132 6.177134 5.759534 5.4568 4.9182 5.3112 5.255 5.054 5.06 4.986267 4.519867 4.191867 3.451867 2.939667 2.7354 2.358 2.8106 3.079666 4.213 3.533 2.965333 2.043333 2.788666 1.402 0.254 1.104 1.716667 1.791333 2.392333 5.353867 5.920534 5.191867 4.691867 5.934133 3.919867 4.724533 3.448334 3.956001 2.730667 4.701334 3.232267 3.524333 4.284333 4.344333 7.302933 7.0252 6.126201 6.929134 5.7398 5.872867 7.532801 6.5618 7.195133 8.422134 6.8968 7.3888 7.7628 8.824801 7.296667 8.565467
5.938 5.923934 6.929467 6.254467 6.547667 4.5172 3.173 2.185 4.625667 4.623667 4.622 4.002333 4.002333 3.869667 3.345333 2.558 2.476666 3.448999 3.382666 1.856333 1.949667 0.843 0.634 0.0 0.72 1.664667 1.498667 2.157 2.186 2.260666 2.820333 5.7872 6.386534 5.6512 5.1322 5.1322 6.390133 6.390133 4.2862 4.343867 4.435867 5.1372 5.178866 3.902667 4.484668 4.425334 4.503668 3.191667 4.072 3.952333 4.755 7.7896 7.8466 7.622533 7.5512 6.640868 6.629201 7.489801 8.031468 8.881467 8.936801 8.2958 9.211134 9.233801 7.835 7.757667 9.126134 9.039467 7.3452 7.1216 6.5392 6.303134 5.885534 5.5828 5.0442 5.4372 5.381 5.18 5.186 5.112267 4.645867 4.317867 3.577867 3.065667 2.8614 2.484 2.9366 3.205666 4.339 3.659 3.091333 2.169333 2.914666 1.528 0.38 1.23 1.842667 1.917333 2.518333 5.479867 6.046534 5.317867 4.817867 6.060133 4.045867 4.850533 3.574334 4.082001 2.856667 4.827334 3.358267 3.650333 4.410333 4.470333 7.428933 7.1512 6.252201 7.055134 5.8658 5.998867 7.658801 6.6878 7.321133 8.548134 7.0228 7.5148 7.8888 8.950801 7.422667 8.691467
5.898 5.883934 6.889467 6.214467 6.507667 4.4772 3.133 2.145 4.585667 4.583667 4.582 3.962333 3.962333 3.829667 3.305333 2.518 2.436666 3.408999 3.342666 1.816333 1.909667 0.803 0.594 0.72 0.0 1.624667 1.458667 2.117 2.146 2.220666 2.780333 5.7472 6.346534 5.6112 5.0922 5.0922 6.350133 6.350133 4.2462 4.303867 4.395867 5.0972 5.138866 3.862667 4.444668 4.385334 4.463668 3.151667 4.032 3.912333 4.715 7.7496 7.8066 7.582533 7.5112 6.600868 6.589201 7.449801 7.991468 8.841467 8.896801 8.2558 9.171134 9.193801 7.795 7.717667 9.086134 8.999467 7.3052 7.0816 6.4992 6.263134 5.845534 5.5428 5.0042 5.3972 5.341 5.14 5.146 5.072267 4.605867 4.277867 3.537867 3.025667 2.8214 2.444 2.8966 3.165666 4.299 3.619 3.051333 2.129333 2.874666 1.488 0.34 1.19 1.802667 1.877333 2.478333 5.439867 6.006534 5.277867 4.777867 6.020133 4.005867 4.810533 3.534334 4.042001 2.816667 4.787334 3.318267 3.610333 4.370333 4.430333 7.388933 7.1112 6.212201 7.015134 5.8258 5.958867 7.618801 6.6478 7.281133 8.508134 6.9828 7.4748 7.8488 8.910801 7.382667 8.651467
5.142667 5.128601 6.134134 5.459134 5.752334 3.721867 2.377667 1.389667 4.410201 4.408201 4.406534 3.863 3.863 3.730334 3.206 3.159667 3.078333 2.904333 2.838 2.458 2.551334 1.747667 1.538667 1.664667 1.624667 0.0 0.703334 1.361667 1.390667 1.465333 2.025 4.991867 5.591201 4.855867 4.336867 4.336867 5.5948 5.5948 3.490867 3.548534 3.640534 4.341867 4.383533 3.107334 3.689335 3.630001 3.708335 2.396334 3.276667 3.157 3.959667 6.994267 7.051267 6.8272 6.755867 5.845535 5.833868 6.694468 7.236135 8.086134 8.141468 7.500467 8.415801 8.438468 7.039667 6.962334 8.330801 8.244134 6.549867 6.326267 5.743867 5.507801 5.090201 4.787467 4.248867 4.641867 4.585667 4.384667 4.390667 4.316934 3.850534 3.522534 2.782534 2.270334 2.066067 1.688667 2.141267 2.410333 4.123534 3.519667 2.952 2.771 2.37 2.129667 1.284667 0.434667 1.047334 1.122 1.723 4.684534 5.251201 4.522534 4.022534 5.2648 3.250534 4.0552 2.779001 3.286668 2.061334 4.032001 2.562934 2.855 3.615 3.675 6.6336 6.355867 5.456868 6.259801 5.070467 5.203534 6.863468 5.892467 6.5258 7.752801 6.227467 6.719467 7.093467 8.155468 6.627334 7.896134
4.976667 4.962601 5.968134 5.293134 5.586334 3.555867 2.211667 1.223667 4.244201 4.242201 4.240534 3.697 3.697 3.564334 3.04 2.993667 2.912333 2.738333 2.672 2.292 2.385334 1.581667 1.372667 1.498667 1.458667 0.703334 0.0 1.195667 1.224667 1.299333 1.859 4.825867 5.425201 4.689867 4.170867 4.170867 5.4288 5.4288 3.324867 3.382534 3.474534 4.175867 4.217533 2.941334 3.523335 3.464001 3.542335 2.230334 3.110667 2.991 3.793667 6.828267 6.885267 6.6612 6.589867 5.679535 5.667868 6.528468 7.070135 7.920134 7.975468 7.334467 8.249801 8.272468 6.873667 6.796334 8.164801 8.078134 6.383867 6.160267 5.577867 5.341801 4.924201 4.621467 4.082867 4.475867 4.419667 4.218667 4.224667 4.150934 3.684534 3.356534 2.616534 2.104334 1.900067 1.522667 1.975267 2.244333 3.957534 3.353667 2.786 2.605 2.204 1.963667 1.118667 0.268667 0.881334 0.956 1.557 4.518534 5.085201 4.356534 3.856534 5.0988 3.084534 3.8892 2.613001 3.120668 1.895334 3.866001 2.396934 2.689 3.449 3.509 6.4676 6.189867 5.290868 6.093801 4.904467 5.037534 6.697468 5.726467 6.3598 7.586801 6.061467 6.553467 6.927467 7.989468 6.461334 7.730134
4.409666 4.772733 5.778266 5.103266 5.019333 3.365999 1.644666 1.882 4.054333 4.052333 4.050666 4.355333 4.355333 4.222667 3.698333 3.652 3.570666 3.396666 3.330333 2.950333 3.043667 2.24 2.031 2.157 2.117 1.361667 1.195667 0.0 1.250333 1.324999 1.517 4.635999 5.235333 4.499999 3.980999 3.980999 5.238932 5.238932 3.134999 3.192666 3.284666 3.985999 4.027665 2.751466 3.333467 3.274133 3.352467 1.663333 2.543666 2.423999 3.226666 6.638399 6.695399 6.471332 6.399999 5.489667 5.478 6.3386 6.880267 7.730266 7.7856 7.144599 8.059933 8.0826 6.306666 6.229333 7.974933 7.888266 6.193999 5.970399 5.387999 5.151933 4.734333 4.431599 3.892999 4.196666 3.852666 3.651666 3.657666 3.961066 3.494666 3.166666 2.426666 1.914466 1.333066 0.955666 1.408266 1.796666 3.767666 4.012 3.444333 3.263333 2.862333 2.622 1.777 0.927 0.314333 0.981666 1.215 4.328666 4.895333 4.166666 3.666666 4.908932 2.894666 3.699332 2.423133 2.9308 1.328333 3.543666 1.829933 2.121999 2.881999 2.941999 6.277732 5.999999 5.101 5.903933 4.714599 4.847666 6.5076 5.536599 6.169932 7.396933 5.755666 6.247666 6.737599 7.7996 5.894333 7.540266
5.031333 5.3944 6.399933 5.724933 5.641 3.987666 2.266333 1.911 4.676 4.674 4.672333 4.384333 4.384333 4.251667 3.727333 3.681 3.599666 3.425666 3.359333 2.979333 3.072667 2.269 2.06 2.186 2.146 1.390667 1.224667 1.250333 0.0 0.612 1.171667 5.257666 5.857 5.121666 4.602666 4.602666 5.860599 5.860599 3.756666 3.814333 3.906333 4.607666 4.649332 3.373133 3.955134 3.8958 3.974134 2.285 3.165333 3.045666 3.848333 7.260066 7.317066 7.092999 7.021666 6.111334 6.099667 6.960267 7.501934 8.351933 8.407267 7.766266 8.6816 8.704267 6.928333 6.851 8.5966 8.509933 6.815666 6.592066 6.009666 5.7736 5.356 5.053266 4.514666 4.818333 4.474333 4.273333 4.279333 4.582733 4.116333 3.788333 3.048333 2.536133 1.954733 1.577333 1.578334 1.557 4.389333 4.041 3.473333 3.292333 2.891333 2.651 1.806 0.956 0.936 0.268667 0.869667 4.950333 5.517 4.788333 4.288333 5.530599 3.516333 4.320999 3.0448 3.552467 1.95 4.165333 2.000001 2.743666 3.503666 3.563666 6.899399 6.621666 5.722667 6.5256 5.336266 5.469333 7.129267 6.158266 6.791599 8.0186 6.377333 6.869333 7.359266 8.421267 6.516 8.161933
5.105999 5.469066 6.474599 5.799599 5.715666 4.062332 2.340999 1.985666 4.750666 4.748666 4.746999 4.458999 4.458999 4.326333 3.801999 3.755666 3.674332 3.500332 3.433999 3.053999 3.147333 2.343666 2.134666 2.260666 2.220666 1.465333 1.299333 1.324999 0.612 0.0 1.246333 5.332332 5.931666 5.196332 4.677332 4.677332 5.935265 5.935265 3.831332 3.888999 3.980999 4.682332 4.723998 3.447799 4.0298 3.970466 4.0488 2.359666 3.239999 3.120332 3.922999 7.334732 7.391732 7.167665 7.096332 6.186 6.174333 7.034933 7.5766 8.426599 8.481933 7.840932 8.756266 8.778933 7.002999 6.925666 8.671266 8.584599 6.890332 6.666732 6.084332 5.848266 5.430666 5.127932 4.589332 4.892999 4.548999 4.347999 4.353999 4.657399 4.190999 3.862999 3.122999 2.610799 2.029399 1.651999 1.653 1.631666 4.463999 4.115666 3.547999 3.366999 2.965999 2.725666 1.880666 1.030666 1.010666 0.343333 0.944333 5.024999 5.591666 4.862999 4.362999 5.605265 3.590999 4.395665 3.119466 3.627133 2.024666 4.239999 2.074667 2.818332 3.578332 3.638332 6.974065 6.696332 5.797333 6.600266 5.410932 5.543999 7.203933 6.232932 6.866265 8.093266 6.451999 6.943999 7.433932 8.495933 6.590666 8.236599
4.570001 5.280334 6.285867 5.610867 5.179668 3.8736 2.152267 2.545333 4.561934 4.559934 4.558267 5.018666 5.018666 4.886 4.361666 4.315333 4.233999 4.059999 3.993666 3.613666 3.707 2.903333 2.694333 2.820333 2.780333 2.025 1.859 1.517 1.171667 1.246333 0.0 5.1436 5.742934 5.0076 4.4886 4.4886 5.746533 5.746533 3.6426 3.700267 3.792267 4.4936 4.535266 3.259067 3.841068 3.781734 3.860068 2.170934 2.704001 2.584334 3.387001 7.146 7.203 6.978933 6.9076 5.997268 5.985601 6.846201 7.387868 8.237867 8.293201 7.447334 8.567534 8.590201 6.467001 6.389668 8.277668 8.191001 6.7016 6.478 5.8956 5.659534 5.241934 4.9392 4.4006 4.357001 4.013001 3.812001 3.818001 4.468667 4.002267 3.674267 2.934267 2.422067 1.840667 1.463267 1.010667 0.989333 4.275267 4.675333 4.107666 3.926666 3.525666 3.285333 2.440333 1.590333 1.202667 0.903 0.302 4.836267 5.402934 4.674267 4.174267 5.416533 3.402267 4.206933 2.930734 3.438401 1.835934 3.704001 1.432334 2.282334 3.042334 3.102334 6.785333 6.5076 5.608601 6.411534 5.2222 5.095001 7.015201 6.0442 6.677533 7.904534 5.916001 6.408001 7.040334 8.307201 6.054668 7.843001
4.959267 0.93 2.162 3.265334 4.414001 3.148666 4.369333 3.6022 2.098 2.096 2.094333 2.834666 2.834666 2.702 3.313 4.13 4.048666 3.530333 3.464 4.670533 4.763867 5.8702 5.6612 5.7872 5.7472 4.991867 4.825867 4.635999 5.257666 5.332332 5.1436 0.0 1.214 1.952666 2.283666 2.283666 2.798 2.798 2.917666 2.975333 3.067333 3.768666 3.810332 3.558533 4.140534 4.0812 4.159534 4.388 5.268333 5.148666 5.597201 2.617066 2.674066 2.449999 2.378666 2.708601 2.696934 2.722334 3.264001 4.114 4.169334 3.999001 4.443667 4.466334 5.196001 5.118668 4.829335 4.742668 2.172666 1.949066 1.366666 1.535667 1.953267 2.593667 3.132267 3.525267 3.869267 4.192467 4.596867 0.771666 1.141333 1.469333 2.209333 2.721533 3.302933 3.680333 4.132933 4.521333 1.811333 2.491333 3.059 3.741333 2.996 4.3422 5.4072 4.5572 4.321666 4.988999 4.8416 0.307333 0.874 1.619333 1.969333 2.468 2.677333 3.481999 3.2302 3.737867 4.053 4.430666 4.5546 4.846666 4.839934 5.312534 2.256399 1.978666 2.319934 2.287667 2.876667 3.847334 2.891334 3.698667 3.412001 3.780667 4.033667 4.002668 3.592001 4.183334 4.783668 4.394668
4.425267 1.529334 1.628 2.731334 3.880001 3.125267 4.968667 4.201534 2.697334 2.695334 2.693667 3.434 3.434 3.301334 3.912334 4.729334 4.648 4.129667 4.063334 5.269867 5.363201 6.469534 6.260534 6.386534 6.346534 5.591201 5.425201 5.235333 5.857 5.931666 5.742934 1.214 0.0 1.418666 1.899666 1.899666 2.264 2.264 3.517 3.574667 3.666667 3.745267 3.786933 4.157867 4.739868 4.680534 4.758868 4.987334 5.487601 5.367934 5.063201 2.566067 2.623067 2.399 2.327667 2.174601 2.162934 2.188334 2.730001 3.58 3.635334 3.465001 3.909667 3.932334 4.662001 4.584668 4.295335 4.208668 2.121667 1.898067 1.315667 1.001667 1.419267 2.059667 2.598267 2.991267 3.335267 3.658467 4.062867 1.371 1.740667 2.068667 2.808667 3.320867 3.902267 4.279667 4.732267 5.120667 2.410667 3.090667 3.658334 4.340667 3.595334 4.941534 6.006534 5.156534 4.921 5.588333 5.440934 0.906667 0.34 1.085333 1.585333 1.934 3.276667 3.4586 3.829534 4.337201 4.652334 3.962934 5.153934 5.065934 4.305934 4.778534 2.2054 1.927667 1.785934 1.753667 2.342667 3.313334 2.357334 3.164667 2.878001 3.246667 3.499667 3.468668 3.058001 3.649334 4.249668 3.860668
3.907 2.268 1.944933 2.213067 3.361734 2.607 4.233333 3.4662 2.221 2.219 2.217333 2.957666 2.957666 2.825 3.436 3.994 3.912666 3.394333 3.328 4.534533 4.627867 5.7342 5.5252 5.6512 5.6112 4.855867 4.689867 4.499999 5.121666 5.196332 5.0076 1.952666 1.418666 0.0 1.147666 1.147666 1.512 1.512 2.781666 2.839333 2.931333 3.227 3.268666 3.422533 4.004534 3.9452 4.023534 4.252 4.969334 4.849667 4.544934 3.0658 3.1228 2.898733 2.8274 1.656334 1.644667 2.505267 3.046934 3.896933 3.952267 3.781934 4.2266 4.249267 4.649067 4.571734 4.612268 4.525601 2.6214 2.3978 1.8154 1.3186 0.901 1.5414 2.08 2.473 2.817 3.1402 3.5446 2.109666 1.661333 1.333333 2.073333 2.585533 3.166933 3.544333 3.996933 4.385333 1.934333 2.614333 3.182 3.605333 2.86 4.2062 5.2712 4.4212 4.185666 4.852999 4.7056 1.645333 1.078666 0.333333 0.833333 1.182 2.541333 2.940333 3.0942 3.601867 3.917 3.444667 4.4186 4.547667 3.787667 4.260267 2.705133 2.4274 1.267667 2.0706 1.8244 2.795067 2.674267 2.6464 3.194934 3.5636 2.9814 3.4734 3.374934 3.966267 4.236734 4.177601
4.388 2.4204 2.425933 2.694067 3.842734 2.493666 3.714333 2.9472 1.702 1.7 1.698333 2.438666 2.438666 2.306 2.917 3.475 3.393666 2.875333 2.809 4.015533 4.108867 5.2152 5.0062 5.1322 5.0922 4.336867 4.170867 3.980999 4.602666 4.677332 4.4886 2.283666 1.899666 1.147666 0.0 0.628666 1.993 1.993 2.262666 2.320333 2.412333 3.113666 3.155332 2.903533 3.485534 3.4262 3.504534 3.733 4.613333 4.493666 5.025934 3.5468 3.6038 3.379733 3.3084 2.137334 2.125667 2.986267 3.527934 4.377933 4.433267 4.262934 4.7076 4.730267 5.130067 5.052734 5.093268 5.006601 3.1024 2.8788 2.2964 1.7996 1.382 2.0224 2.561 2.954 3.298 3.6212 4.0256 1.608733 1.142333 0.814333 1.554333 2.066533 2.647933 3.025333 3.477933 3.866333 1.415333 2.095333 2.663 3.086333 2.341 3.6872 4.7522 3.9022 3.666666 4.333999 4.1866 1.976333 1.559666 0.814333 0.314333 1.663 2.022333 2.826999 2.5752 3.082867 3.398 3.775666 3.8996 4.191666 4.268667 4.741267 3.186133 2.9084 1.748667 2.5516 2.3054 3.276067 3.155267 3.1274 3.675934 4.0446 3.4624 3.9544 3.855934 4.447267 4.717734 4.658601
4.388 2.4204 2.425933 2.694067 3.842734 2.493666 3.714333 2.9472 1.702 1.7 1.698333 2.438666 2.438666 2.306 2.917 3.475 3.393666 2.875333 2.809 4.015533 4.108867 5.2152 5.0062 5.1322 5.0922 4.336867 4.170867 3.980999 4.602666 4.677332 4.4886 2.283666 1.899666 1.147666 0.628666 0.0 1.993 1.993 2.262666 2.320333 2.412333 3.113666 3.155332 2.903533 3.485534 3.4262 3.504534 3.733 4.613333 4.493666 5.025934 3.5468 3.6038 3.379733 3.3084 2.137334 2.125667 2.986267 3.527934 4.377933 4.433267 4.262934 4.7076 4.730267 5.130067 5.052734 5.093268 5.006601 3.1024 2.8788 2.2964 1.7996 1.382 2.0224 2.561 2.954 3.298 3.6212 4.0256 1.608733 1.142333 0.814333 1.554333 2.066533 2.647933 3.025333 3.477933 3.866333 1.415333 2.095333 2.663 3.086333 2.341 3.6872 4.7522 3.9022 3.666666 4.333999 4.1866 1.976333 1.559666 0.814333 0.314333 1.663 2.022333 2.826999 2.5752 3.082867 3.398 3.775666 3.8996 4.191666 4.268667 4.741267 3.186133 2.9084 1.748667 2.5516 2.3054 3.276067 3.155267 3.1274 3.675934 4.0446 3.4624 3.9544 3.855934 4.447267 4.717734 4.658601
3.172933 3.065466 2.491666 1.479 2.627667 1.872933 4.290933 4.205133 3.066334 3.064334 3.062667 3.803 3.803 3.670334 4.281334 4.732933 4.651599 4.133266 4.066933 5.273466 5.3668 6.473133 6.264133 6.390133 6.350133 5.5948 5.4288 5.238932 5.860599 5.935265 5.746533 2.798 2.264 1.512 1.993 1.993 0.0 0.66 2.584599 2.642266 2.734266 2.492933 2.534599 4.161466 3.8586 3.799266 3.8776 4.942266 4.235267 4.1156 3.810867 3.612533 3.669533 3.445466 3.374133 2.203067 2.1914 3.052 3.439 4.288999 4.344333 3.520333 4.618666 4.641333 3.915 3.837667 4.350667 4.264 3.168133 2.944533 2.362133 1.865333 1.447733 0.807333 1.345933 1.738933 2.082933 2.406133 2.810533 2.955 2.506667 2.178667 2.812266 3.324466 3.905866 4.283266 4.735866 5.124266 2.779667 3.459667 4.027334 4.344266 3.598933 4.945133 6.010133 5.160133 4.924599 5.591932 5.444533 2.490667 1.924 1.178667 1.678667 0.33 2.344266 2.206266 3.833133 3.455933 4.607266 2.7106 4.6636 3.8136 3.0536 3.5262 3.251866 2.974133 1.8144 2.617333 1.090333 2.061 3.066333 1.912333 2.545666 3.955666 2.247333 2.739333 3.113333 4.358333 3.502667 3.916
